      1 3 26 20.025559 3 26 20.025559 1472
      2 3 26 20.026790 3 26 20.026790 1472
      3 3 26 20.027923 3 26 20.027923 1472
      4 3 26 20.029071 3 26 20.029071 1472
      5 3 26 20.030208 3 26 20.030208 1472
      6 3 26 20.031361 3 26 20.031361 1472
      7 3 26 20.032495 3 26 20.032495 1472
      8 3 26 20.033636 3 26 20.033636 1472
      9 3 26 20.034780 3 26 20.034780 1472
     10 3 26 20.035923 3 26 20.035923 1472
     11 3 26 20.037067 3 26 20.037067 1472
     12 3 26 20.038208 3 26 20.038208 1472
     13 3 26 20.039352 3 26 20.039352 1472
     14 3 26 20.040496 3 26 20.040496 1472
     15 3 26 20.041637 3 26 20.041637 1472
     16 3 26 20.042777 3 26 20.042777 1472
     17 3 26 20.043890 3 26 20.043890 1472
     18 3 26 20.045033 3 26 20.045033 1472
     19 3 26 20.046193 3 26 20.046193 1472
     20 3 26 20.047357 3 26 20.047357 1472
     21 3 26 20.048494 3 26 20.048494 1472
     22 3 26 20.049640 3 26 20.049640 1472
     23 3 26 20.051141 3 26 20.051141 1472
     24 3 26 20.051932 3 26 20.051932 1472
     25 3 26 20.053069 3 26 20.053069 1472
     26 3 26 20.054207 3 26 20.054207 1472
     27 3 26 20.055350 3 26 20.055350 1472
     28 3 26 20.056502 3 26 20.056502 1472
     29 3 26 20.057636 3 26 20.057636 1472
     30 3 26 20.058778 3 26 20.058778 1472
     31 3 26 20.059922 3 26 20.059922 1472
     32 3 26 20.061064 3 26 20.061064 1472
     33 3 26 20.062207 3 26 20.062207 1472
     34 3 26 20.063348 3 26 20.063348 1472
     35 3 26 20.064488 3 26 20.064488 1472
     36 3 26 20.065650 3 26 20.065650 1472
     37 3 26 20.066784 3 26 20.066784 1472
     38 3 26 20.067920 3 26 20.067920 1472
     39 3 26 20.069057 3 26 20.069057 1472
     40 3 26 20.070206 3 26 20.070206 1472
     41 3 26 20.071350 3 26 20.071350 1472
     42 3 26 20.072492 3 26 20.072492 1472
     43 3 26 20.073636 3 26 20.073636 1472
     44 3 26 20.074781 3 26 20.074781 1472
     45 3 26 20.075921 3 26 20.075921 1472
     46 3 26 20.077066 3 26 20.077066 1472
     47 3 26 20.078206 3 26 20.078206 1472
     48 3 26 20.079350 3 26 20.079350 1472
     49 3 26 20.080496 3 26 20.080496 1472
     50 3 26 20.081586 3 26 20.081586 1472
     51 3 26 20.082737 3 26 20.082737 1472
     52 3 26 20.083892 3 26 20.083892 1472
     53 3 26 20.085100 3 26 20.085100 1472
     54 3 26 20.086210 3 26 20.086210 1472
     55 3 26 20.087360 3 26 20.087360 1472
     56 3 26 20.088502 3 26 20.088502 1472
     57 3 26 20.089638 3 26 20.089638 1472
     58 3 26 20.090779 3 26 20.090779 1472
     59 3 26 20.091923 3 26 20.091923 1472
     60 3 26 20.093073 3 26 20.093073 1472
     61 3 26 20.094218 3 26 20.094218 1472
     62 3 26 20.095369 3 26 20.095369 1472
     63 3 26 20.096496 3 26 20.096496 1472
     64 3 26 20.097637 3 26 20.097637 1472
     65 3 26 20.098777 3 26 20.098777 1472
     66 3 26 20.099920 3 26 20.099920 1472
     67 3 26 20.101047 3 26 20.101047 1472
     68 3 26 20.102184 3 26 20.102184 1472
     69 3 26 20.103342 3 26 20.103342 1472
     70 3 26 20.104500 3 26 20.104500 1472
     71 3 26 20.105639 3 26 20.105639 1472
     72 3 26 20.106777 3 26 20.106777 1472
     73 3 26 20.107921 3 26 20.107921 1472
     74 3 26 20.109068 3 26 20.109068 1472
     75 3 26 20.110206 3 26 20.110206 1472
     76 3 26 20.111349 3 26 20.111349 1472
     77 3 26 20.112497 3 26 20.112497 1472
     78 3 26 20.113637 3 26 20.113637 1472
     79 3 26 20.114778 3 26 20.114778 1472
     80 3 26 20.115921 3 26 20.115921 1472
     81 3 26 20.117063 3 26 20.117063 1472
     82 3 26 20.118207 3 26 20.118207 1472
     83 3 26 20.119351 3 26 20.119351 1472
     84 3 26 20.120505 3 26 20.120505 1472
     85 3 26 20.121639 3 26 20.121639 1472
     86 3 26 20.122803 3 26 20.122803 1472
     87 3 26 20.123920 3 26 20.123920 1472
     88 3 26 20.125067 3 26 20.125067 1472
     89 3 26 20.126207 3 26 20.126207 1472
     90 3 26 20.127356 3 26 20.127356 1472
     91 3 26 20.128493 3 26 20.128493 1472
     92 3 26 20.129637 3 26 20.129637 1472
     93 3 26 20.130779 3 26 20.130779 1472
     94 3 26 20.131924 3 26 20.131924 1472
     95 3 26 20.133065 3 26 20.133065 1472
     96 3 26 20.134208 3 26 20.134208 1472
     97 3 26 20.135351 3 26 20.135351 1472
     98 3 26 20.136496 3 26 20.136496 1472
     99 3 26 20.137634 3 26 20.137634 1472
    100 3 26 20.138739 3 26 20.138739 1472
    101 3 26 20.139880 3 26 20.139880 1472
    102 3 26 20.141041 3 26 20.141041 1472
    103 3 26 20.142198 3 26 20.142198 1472
    104 3 26 20.143352 3 26 20.143352 1472
    105 3 26 20.144496 3 26 20.144496 1472
    106 3 26 20.145638 3 26 20.145638 1472
    107 3 26 20.146778 3 26 20.146778 1472
    108 3 26 20.147921 3 26 20.147921 1472
    109 3 26 20.149067 3 26 20.149067 1472
    110 3 26 20.150207 3 26 20.150207 1472
    111 3 26 20.151350 3 26 20.151350 1472
    112 3 26 20.152494 3 26 20.152494 1472
    113 3 26 20.153635 3 26 20.153635 1472
    114 3 26 20.154779 3 26 20.154779 1472
    115 3 26 20.155922 3 26 20.155922 1472
    116 3 26 20.157067 3 26 20.157067 1472
    117 3 26 20.158194 3 26 20.158194 1472
    118 3 26 20.159338 3 26 20.159338 1472
    119 3 26 20.160493 3 26 20.160493 1472
    120 3 26 20.161636 3 26 20.161636 1472
    121 3 26 20.162779 3 26 20.162779 1472
    122 3 26 20.164034 3 26 20.164034 1472
    123 3 26 20.165065 3 26 20.165065 1472
    124 3 26 20.166208 3 26 20.166208 1472
    125 3 26 20.167349 3 26 20.167349 1472
    126 3 26 20.168493 3 26 20.168493 1472
    127 3 26 20.169639 3 26 20.169639 1472
    128 3 26 20.170778 3 26 20.170778 1472
    129 3 26 20.171921 3 26 20.171921 1472
    130 3 26 20.173065 3 26 20.173065 1472
    131 3 26 20.174206 3 26 20.174206 1472
    132 3 26 20.175350 3 26 20.175350 1472
    133 3 26 20.176470 3 26 20.176470 1472
    134 3 26 20.177641 3 26 20.177641 1472
    135 3 26 20.178737 3 26 20.178737 1472
    136 3 26 20.179943 3 26 20.179943 1472
    137 3 26 20.181065 3 26 20.181065 1472
    138 3 26 20.182206 3 26 20.182206 1472
    139 3 26 20.183350 3 26 20.183350 1472
    140 3 26 20.184495 3 26 20.184495 1472
    141 3 26 20.185636 3 26 20.185636 1472
    142 3 26 20.186776 3 26 20.186776 1472
    143 3 26 20.187919 3 26 20.187919 1472
    144 3 26 20.189180 3 26 20.189180 1472
    145 3 26 20.190231 3 26 20.190231 1472
    146 3 26 20.191351 3 26 20.191351 1472
    147 3 26 20.192496 3 26 20.192496 1472
    148 3 26 20.193643 3 26 20.193643 1472
    149 3 26 20.194779 3 26 20.194779 1472
    150 3 26 20.195889 3 26 20.195889 1472
    151 3 26 20.197037 3 26 20.197037 1472
    152 3 26 20.198191 3 26 20.198191 1472
    153 3 26 20.199352 3 26 20.199352 1472
    154 3 26 20.200493 3 26 20.200493 1472
    155 3 26 20.201639 3 26 20.201639 1472
    156 3 26 20.202778 3 26 20.202778 1472
    157 3 26 20.203921 3 26 20.203921 1472
    158 3 26 20.205065 3 26 20.205065 1472
    159 3 26 20.206209 3 26 20.206209 1472
    160 3 26 20.207352 3 26 20.207352 1472
    161 3 26 20.208503 3 26 20.208503 1472
    162 3 26 20.209637 3 26 20.209637 1472
    163 3 26 20.210778 3 26 20.210778 1472
    164 3 26 20.211922 3 26 20.211922 1472
    165 3 26 20.213066 3 26 20.213066 1472
    166 3 26 20.214206 3 26 20.214206 1472
    167 3 26 20.215347 3 26 20.215347 1472
    168 3 26 20.216487 3 26 20.216487 1472
    169 3 26 20.217649 3 26 20.217649 1472
    170 3 26 20.218783 3 26 20.218783 1472
    171 3 26 20.219922 3 26 20.219922 1472
    172 3 26 20.221066 3 26 20.221066 1472
    173 3 26 20.222207 3 26 20.222207 1472
    174 3 26 20.223349 3 26 20.223349 1472
    175 3 26 20.224492 3 26 20.224492 1472
    176 3 26 20.225636 3 26 20.225636 1472
    177 3 26 20.226782 3 26 20.226782 1472
    178 3 26 20.227920 3 26 20.227920 1472
    179 3 26 20.229039 3 26 20.229039 1472
    180 3 26 20.230208 3 26 20.230208 1472
    181 3 26 20.231349 3 26 20.231349 1472
    182 3 26 20.232496 3 26 20.232496 1472
    183 3 26 20.233585 3 26 20.233585 1472
    184 3 26 20.234726 3 26 20.234726 1472
    185 3 26 20.235887 3 26 20.235887 1472
    186 3 26 20.237086 3 26 20.237086 1472
    187 3 26 20.238209 3 26 20.238209 1472
    188 3 26 20.239350 3 26 20.239350 1472
    189 3 26 20.240491 3 26 20.240491 1472
    190 3 26 20.241637 3 26 20.241637 1472
    191 3 26 20.242777 3 26 20.242777 1472
    192 3 26 20.243921 3 26 20.243921 1472
    193 3 26 20.245067 3 26 20.245067 1472
    194 3 26 20.246207 3 26 20.246207 1472
    195 3 26 20.247350 3 26 20.247350 1472
    196 3 26 20.248495 3 26 20.248495 1472
    197 3 26 20.249635 3 26 20.249635 1472
    198 3 26 20.250776 3 26 20.250776 1472
    199 3 26 20.251922 3 26 20.251922 1472
    200 3 26 20.253046 3 26 20.253046 1472
    201 3 26 20.254183 3 26 20.254183 1472
    202 3 26 20.255341 3 26 20.255341 1472
    203 3 26 20.256501 3 26 20.256501 1472
    204 3 26 20.257635 3 26 20.257635 1472
    205 3 26 20.258787 3 26 20.258787 1472
    206 3 26 20.259928 3 26 20.259928 1472
    207 3 26 20.261072 3 26 20.261072 1472
    208 3 26 20.262215 3 26 20.262215 1472
    209 3 26 20.263349 3 26 20.263349 1472
    210 3 26 20.264496 3 26 20.264496 1472
    211 3 26 20.265634 3 26 20.265634 1472
    212 3 26 20.266777 3 26 20.266777 1472
    213 3 26 20.267921 3 26 20.267921 1472
    214 3 26 20.269065 3 26 20.269065 1472
    215 3 26 20.270208 3 26 20.270208 1472
    216 3 26 20.271349 3 26 20.271349 1472
    217 3 26 20.272504 3 26 20.272504 1472
    218 3 26 20.273638 3 26 20.273638 1472
    219 3 26 20.274796 3 26 20.274796 1472
    220 3 26 20.275928 3 26 20.275928 1472
    221 3 26 20.277063 3 26 20.277063 1472
    222 3 26 20.278206 3 26 20.278206 1472
    223 3 26 20.279350 3 26 20.279350 1472
    224 3 26 20.280500 3 26 20.280500 1472
    225 3 26 20.281638 3 26 20.281638 1472
    226 3 26 20.282785 3 26 20.282785 1472
    227 3 26 20.283922 3 26 20.283922 1472
    228 3 26 20.285067 3 26 20.285067 1472
    229 3 26 20.286207 3 26 20.286207 1472
    230 3 26 20.287351 3 26 20.287351 1472
    231 3 26 20.288496 3 26 20.288496 1472
    232 3 26 20.289633 3 26 20.289633 1472
    233 3 26 20.290738 3 26 20.290738 1472
    234 3 26 20.291879 3 26 20.291879 1472
    235 3 26 20.293081 3 26 20.293081 1472
    236 3 26 20.294240 3 26 20.294240 1472
    237 3 26 20.295348 3 26 20.295348 1472
    238 3 26 20.296492 3 26 20.296492 1472
    239 3 26 20.297640 3 26 20.297640 1472
    240 3 26 20.298778 3 26 20.298778 1472
    241 3 26 20.299921 3 26 20.299921 1472
    242 3 26 20.301065 3 26 20.301065 1472
    243 3 26 20.302206 3 26 20.302206 1472
    244 3 26 20.303350 3 26 20.303350 1472
    245 3 26 20.304496 3 26 20.304496 1472
    246 3 26 20.305635 3 26 20.305635 1472
    247 3 26 20.306778 3 26 20.306778 1472
    248 3 26 20.307921 3 26 20.307921 1472
    249 3 26 20.309065 3 26 20.309065 1472
    250 3 26 20.310193 3 26 20.310193 1472
    251 3 26 20.311337 3 26 20.311337 1472
    252 3 26 20.312492 3 26 20.312492 1472
    253 3 26 20.313645 3 26 20.313645 1472
    254 3 26 20.314779 3 26 20.314779 1472
    255 3 26 20.315922 3 26 20.315922 1472
    256 3 26 20.317066 3 26 20.317066 1472
    257 3 26 20.318206 3 26 20.318206 1472
    258 3 26 20.319350 3 26 20.319350 1472
    259 3 26 20.320499 3 26 20.320499 1472
    260 3 26 20.321635 3 26 20.321635 1472
    261 3 26 20.322787 3 26 20.322787 1472
    262 3 26 20.323920 3 26 20.323920 1472
    263 3 26 20.325065 3 26 20.325065 1472
    264 3 26 20.326207 3 26 20.326207 1472
    265 3 26 20.327349 3 26 20.327349 1472
    266 3 26 20.328497 3 26 20.328497 1472
    267 3 26 20.329641 3 26 20.329641 1472
    268 3 26 20.330798 3 26 20.330798 1472
    269 3 26 20.331948 3 26 20.331948 1472
    270 3 26 20.333065 3 26 20.333065 1472
    271 3 26 20.334174 3 26 20.334174 1472
    272 3 26 20.335349 3 26 20.335349 1472
    273 3 26 20.336511 3 26 20.336511 1472
    274 3 26 20.337637 3 26 20.337637 1472
    275 3 26 20.338778 3 26 20.338778 1472
    276 3 26 20.339921 3 26 20.339921 1472
    277 3 26 20.341066 3 26 20.341066 1472
    278 3 26 20.342206 3 26 20.342206 1472
    279 3 26 20.343350 3 26 20.343350 1472
    280 3 26 20.344495 3 26 20.344495 1472
    281 3 26 20.345635 3 26 20.345635 1472
    282 3 26 20.346776 3 26 20.346776 1472
    283 3 26 20.347889 3 26 20.347889 1472
    284 3 26 20.349032 3 26 20.349032 1472
    285 3 26 20.350191 3 26 20.350191 1472
    286 3 26 20.351358 3 26 20.351358 1472
    287 3 26 20.352492 3 26 20.352492 1472
    288 3 26 20.353636 3 26 20.353636 1472
    289 3 26 20.354777 3 26 20.354777 1472
    290 3 26 20.355934 3 26 20.355934 1472
    291 3 26 20.357074 3 26 20.357074 1472
    292 3 26 20.358208 3 26 20.358208 1472
    293 3 26 20.359352 3 26 20.359352 1472
    294 3 26 20.360496 3 26 20.360496 1472
    295 3 26 20.361634 3 26 20.361634 1472
    296 3 26 20.362777 3 26 20.362777 1472
    297 3 26 20.363920 3 26 20.363920 1472
    298 3 26 20.365065 3 26 20.365065 1472
    299 3 26 20.366206 3 26 20.366206 1472
    300 3 26 20.367346 3 26 20.367346 1472
    301 3 26 20.368489 3 26 20.368489 1472
    302 3 26 20.369648 3 26 20.369648 1472
    303 3 26 20.370787 3 26 20.370787 1472
    304 3 26 20.371922 3 26 20.371922 1472
    305 3 26 20.373066 3 26 20.373066 1472
    306 3 26 20.374209 3 26 20.374209 1472
    307 3 26 20.375350 3 26 20.375350 1472
    308 3 26 20.376492 3 26 20.376492 1472
    309 3 26 20.377635 3 26 20.377635 1472
    310 3 26 20.378776 3 26 20.378776 1472
    311 3 26 20.379926 3 26 20.379926 1472
    312 3 26 20.381066 3 26 20.381066 1472
    313 3 26 20.382207 3 26 20.382207 1472
    314 3 26 20.383350 3 26 20.383350 1472
    315 3 26 20.384495 3 26 20.384495 1472
    316 3 26 20.385586 3 26 20.385586 1472
    317 3 26 20.386727 3 26 20.386727 1472
    318 3 26 20.387886 3 26 20.387886 1472
    319 3 26 20.389103 3 26 20.389103 1472
    320 3 26 20.390207 3 26 20.390207 1472
    321 3 26 20.391358 3 26 20.391358 1472
    322 3 26 20.392495 3 26 20.392495 1472
    323 3 26 20.393622 3 26 20.393622 1472
    324 3 26 20.394784 3 26 20.394784 1472
    325 3 26 20.395922 3 26 20.395922 1472
    326 3 26 20.397065 3 26 20.397065 1472
    327 3 26 20.398206 3 26 20.398206 1472
    328 3 26 20.399349 3 26 20.399349 1472
    329 3 26 20.400497 3 26 20.400497 1472
    330 3 26 20.401637 3 26 20.401637 1472
    331 3 26 20.402778 3 26 20.402778 1472
    332 3 26 20.403922 3 26 20.403922 1472
    333 3 26 20.405052 3 26 20.405052 1472
    334 3 26 20.406183 3 26 20.406183 1472
    335 3 26 20.407341 3 26 20.407341 1472
    336 3 26 20.408498 3 26 20.408498 1472
    337 3 26 20.409637 3 26 20.409637 1472
    338 3 26 20.410778 3 26 20.410778 1472
    339 3 26 20.411919 3 26 20.411919 1472
    340 3 26 20.413067 3 26 20.413067 1472
    341 3 26 20.414211 3 26 20.414211 1472
    342 3 26 20.415354 3 26 20.415354 1472
    343 3 26 20.416495 3 26 20.416495 1472
    344 3 26 20.417636 3 26 20.417636 1472
    345 3 26 20.418780 3 26 20.418780 1472
    346 3 26 20.419921 3 26 20.419921 1472
    347 3 26 20.421067 3 26 20.421067 1472
    348 3 26 20.422205 3 26 20.422205 1472
    349 3 26 20.423351 3 26 20.423351 1472
    350 3 26 20.424506 3 26 20.424506 1472
    351 3 26 20.425641 3 26 20.425641 1472
    352 3 26 20.426798 3 26 20.426798 1472
    353 3 26 20.427920 3 26 20.427920 1472
    354 3 26 20.429068 3 26 20.429068 1472
    355 3 26 20.430209 3 26 20.430209 1472
    356 3 26 20.431352 3 26 20.431352 1472
    357 3 26 20.432494 3 26 20.432494 1472
    358 3 26 20.433637 3 26 20.433637 1472
    359 3 26 20.434778 3 26 20.434778 1472
    360 3 26 20.435919 3 26 20.435919 1472
    361 3 26 20.437170 3 26 20.437170 1472
    362 3 26 20.438206 3 26 20.438206 1472
    363 3 26 20.439351 3 26 20.439351 1472
    364 3 26 20.440495 3 26 20.440495 1472
    365 3 26 20.441635 3 26 20.441635 1472
    366 3 26 20.442738 3 26 20.442738 1472
    367 3 26 20.443878 3 26 20.443878 1472
    368 3 26 20.445046 3 26 20.445046 1472
    369 3 26 20.446235 3 26 20.446235 1472
    370 3 26 20.447348 3 26 20.447348 1472
    371 3 26 20.448492 3 26 20.448492 1472
    372 3 26 20.449639 3 26 20.449639 1472
    373 3 26 20.450776 3 26 20.450776 1472
    374 3 26 20.451928 3 26 20.451928 1472
    375 3 26 20.453074 3 26 20.453074 1472
    376 3 26 20.454208 3 26 20.454208 1472
    377 3 26 20.455356 3 26 20.455356 1472
    378 3 26 20.456492 3 26 20.456492 1472
    379 3 26 20.457633 3 26 20.457633 1472
    380 3 26 20.458777 3 26 20.458777 1472
    381 3 26 20.459922 3 26 20.459922 1472
    382 3 26 20.461038 3 26 20.461038 1472
    383 3 26 20.462368 3 26 20.462368 1472
    384 3 26 20.463338 3 26 20.463338 1472
    385 3 26 20.464497 3 26 20.464497 1472
    386 3 26 20.465635 3 26 20.465635 1472
    387 3 26 20.466780 3 26 20.466780 1472
    388 3 26 20.467921 3 26 20.467921 1472
    389 3 26 20.469066 3 26 20.469066 1472
    390 3 26 20.470206 3 26 20.470206 1472
    391 3 26 20.471350 3 26 20.471350 1472
    392 3 26 20.472494 3 26 20.472494 1472
    393 3 26 20.473635 3 26 20.473635 1472
    394 3 26 20.474779 3 26 20.474779 1472
    395 3 26 20.475920 3 26 20.475920 1472
    396 3 26 20.477064 3 26 20.477064 1472
    397 3 26 20.478208 3 26 20.478208 1472
    398 3 26 20.479351 3 26 20.479351 1472
    399 3 26 20.480496 3 26 20.480496 1472
    400 3 26 20.481577 3 26 20.481577 1472
    401 3 26 20.482742 3 26 20.482742 1472
    402 3 26 20.483954 3 26 20.483954 1472
    403 3 26 20.485049 3 26 20.485049 1472
    404 3 26 20.486208 3 26 20.486208 1472
    405 3 26 20.487351 3 26 20.487351 1472
    406 3 26 20.488495 3 26 20.488495 1472
    407 3 26 20.489639 3 26 20.489639 1472
    408 3 26 20.490778 3 26 20.490778 1472
    409 3 26 20.491924 3 26 20.491924 1472
    410 3 26 20.493065 3 26 20.493065 1472
    411 3 26 20.494206 3 26 20.494206 1472
    412 3 26 20.495350 3 26 20.495350 1472
    413 3 26 20.496497 3 26 20.496497 1472
    414 3 26 20.497634 3 26 20.497634 1472
    415 3 26 20.498777 3 26 20.498777 1472
    416 3 26 20.499891 3 26 20.499891 1472
    417 3 26 20.501035 3 26 20.501035 1472
    418 3 26 20.502190 3 26 20.502190 1472
    419 3 26 20.503349 3 26 20.503349 1472
    420 3 26 20.504497 3 26 20.504497 1472
    421 3 26 20.505637 3 26 20.505637 1472
    422 3 26 20.506785 3 26 20.506785 1472
    423 3 26 20.507920 3 26 20.507920 1472
    424 3 26 20.509066 3 26 20.509066 1472
    425 3 26 20.510214 3 26 20.510214 1472
    426 3 26 20.511355 3 26 20.511355 1472
    427 3 26 20.512496 3 26 20.512496 1472
    428 3 26 20.513635 3 26 20.513635 1472
    429 3 26 20.514776 3 26 20.514776 1472
    430 3 26 20.515921 3 26 20.515921 1472
    431 3 26 20.517064 3 26 20.517064 1472
    432 3 26 20.518207 3 26 20.518207 1472
    433 3 26 20.519349 3 26 20.519349 1472
    434 3 26 20.520490 3 26 20.520490 1472
    435 3 26 20.521647 3 26 20.521647 1472
    436 3 26 20.522777 3 26 20.522777 1472
    437 3 26 20.523921 3 26 20.523921 1472
    438 3 26 20.525068 3 26 20.525068 1472
    439 3 26 20.526208 3 26 20.526208 1472
    440 3 26 20.527349 3 26 20.527349 1472
    441 3 26 20.528493 3 26 20.528493 1472
    442 3 26 20.529637 3 26 20.529637 1472
    443 3 26 20.530784 3 26 20.530784 1472
    444 3 26 20.531922 3 26 20.531922 1472
    445 3 26 20.533066 3 26 20.533066 1472
    446 3 26 20.534207 3 26 20.534207 1472
    447 3 26 20.535350 3 26 20.535350 1472
    448 3 26 20.536495 3 26 20.536495 1472
    449 3 26 20.537586 3 26 20.537586 1472
    450 3 26 20.538729 3 26 20.538729 1472
    451 3 26 20.539895 3 26 20.539895 1472
    452 3 26 20.541080 3 26 20.541080 1472
    453 3 26 20.542214 3 26 20.542214 1472
    454 3 26 20.543351 3 26 20.543351 1472
    455 3 26 20.544499 3 26 20.544499 1472
    456 3 26 20.545636 3 26 20.545636 1472
    457 3 26 20.546784 3 26 20.546784 1472
    458 3 26 20.547920 3 26 20.547920 1472
    459 3 26 20.549074 3 26 20.549074 1472
    460 3 26 20.550207 3 26 20.550207 1472
    461 3 26 20.551348 3 26 20.551348 1472
    462 3 26 20.552496 3 26 20.552496 1472
    463 3 26 20.553636 3 26 20.553636 1472
    464 3 26 20.554778 3 26 20.554778 1472
    465 3 26 20.555921 3 26 20.555921 1472
    466 3 26 20.557044 3 26 20.557044 1472
    467 3 26 20.558184 3 26 20.558184 1472
    468 3 26 20.559357 3 26 20.559357 1472
    469 3 26 20.560492 3 26 20.560492 1472
    470 3 26 20.561637 3 26 20.561637 1472
    471 3 26 20.562778 3 26 20.562778 1472
    472 3 26 20.563922 3 26 20.563922 1472
    473 3 26 20.565066 3 26 20.565066 1472
    474 3 26 20.566207 3 26 20.566207 1472
    475 3 26 20.567350 3 26 20.567350 1472
    476 3 26 20.568497 3 26 20.568497 1472
    477 3 26 20.569638 3 26 20.569638 1472
    478 3 26 20.570778 3 26 20.570778 1472
    479 3 26 20.571920 3 26 20.571920 1472
    480 3 26 20.573066 3 26 20.573066 1472
    481 3 26 20.574208 3 26 20.574208 1472
    482 3 26 20.575350 3 26 20.575350 1472
    483 3 26 20.576505 3 26 20.576505 1472
    484 3 26 20.577639 3 26 20.577639 1472
    485 3 26 20.578797 3 26 20.578797 1472
    486 3 26 20.579927 3 26 20.579927 1472
    487 3 26 20.581067 3 26 20.581067 1472
    488 3 26 20.582214 3 26 20.582214 1472
    489 3 26 20.583356 3 26 20.583356 1472
    490 3 26 20.584495 3 26 20.584495 1472
    491 3 26 20.585636 3 26 20.585636 1472
    492 3 26 20.586777 3 26 20.586777 1472
    493 3 26 20.587921 3 26 20.587921 1472
    494 3 26 20.589065 3 26 20.589065 1472
    495 3 26 20.590206 3 26 20.590206 1472
    496 3 26 20.591349 3 26 20.591349 1472
    497 3 26 20.592496 3 26 20.592496 1472
    498 3 26 20.593634 3 26 20.593634 1472
    499 3 26 20.594740 3 26 20.594740 1472
    500 3 26 20.595970 3 26 20.595970 1472
    501 3 26 20.597117 3 26 20.597117 1472
    502 3 26 20.598258 3 26 20.598258 1472
    503 3 26 20.599353 3 26 20.599353 1472
    504 3 26 20.600494 3 26 20.600494 1472
    505 3 26 20.601641 3 26 20.601641 1472
    506 3 26 20.602779 3 26 20.602779 1472
    507 3 26 20.603927 3 26 20.603927 1472
    508 3 26 20.605073 3 26 20.605073 1472
    509 3 26 20.606214 3 26 20.606214 1472
    510 3 26 20.607357 3 26 20.607357 1472
    511 3 26 20.608496 3 26 20.608496 1472
    512 3 26 20.609635 3 26 20.609635 1472
    513 3 26 20.610779 3 26 20.610779 1472
    514 3 26 20.611921 3 26 20.611921 1472
    515 3 26 20.613065 3 26 20.613065 1472
    516 3 26 20.614194 3 26 20.614194 1472
    517 3 26 20.615335 3 26 20.615335 1472
    518 3 26 20.616495 3 26 20.616495 1472
    519 3 26 20.617636 3 26 20.617636 1472
    520 3 26 20.618777 3 26 20.618777 1472
    521 3 26 20.619921 3 26 20.619921 1472
    522 3 26 20.621065 3 26 20.621065 1472
    523 3 26 20.622206 3 26 20.622206 1472
    524 3 26 20.623349 3 26 20.623349 1472
    525 3 26 20.624492 3 26 20.624492 1472
    526 3 26 20.625636 3 26 20.625636 1472
    527 3 26 20.626778 3 26 20.626778 1472
    528 3 26 20.627922 3 26 20.627922 1472
    529 3 26 20.629065 3 26 20.629065 1472
    530 3 26 20.630207 3 26 20.630207 1472
    531 3 26 20.631350 3 26 20.631350 1472
    532 3 26 20.632497 3 26 20.632497 1472
    533 3 26 20.633642 3 26 20.633642 1472
    534 3 26 20.634796 3 26 20.634796 1472
    535 3 26 20.635943 3 26 20.635943 1472
    536 3 26 20.637064 3 26 20.637064 1472
    537 3 26 20.638172 3 26 20.638172 1472
    538 3 26 20.639351 3 26 20.639351 1472
    539 3 26 20.640520 3 26 20.640520 1472
    540 3 26 20.641638 3 26 20.641638 1472
    541 3 26 20.642780 3 26 20.642780 1472
    542 3 26 20.643927 3 26 20.643927 1472
    543 3 26 20.645065 3 26 20.645065 1472
    544 3 26 20.646207 3 26 20.646207 1472
    545 3 26 20.647349 3 26 20.647349 1472
    546 3 26 20.648496 3 26 20.648496 1472
    547 3 26 20.649636 3 26 20.649636 1472
    548 3 26 20.650779 3 26 20.650779 1472
    549 3 26 20.651890 3 26 20.651890 1472
    550 3 26 20.653034 3 26 20.653034 1472
    551 3 26 20.654192 3 26 20.654192 1472
    552 3 26 20.655349 3 26 20.655349 1472
    553 3 26 20.656497 3 26 20.656497 1472
    554 3 26 20.657637 3 26 20.657637 1472
    555 3 26 20.658778 3 26 20.658778 1472
    556 3 26 20.659922 3 26 20.659922 1472
    557 3 26 20.661066 3 26 20.661066 1472
    558 3 26 20.662209 3 26 20.662209 1472
    559 3 26 20.663350 3 26 20.663350 1472
    560 3 26 20.664501 3 26 20.664501 1472
    561 3 26 20.665635 3 26 20.665635 1472
    562 3 26 20.666778 3 26 20.666778 1472
    563 3 26 20.667920 3 26 20.667920 1472
    564 3 26 20.669064 3 26 20.669064 1472
    565 3 26 20.670207 3 26 20.670207 1472
    566 3 26 20.671347 3 26 20.671347 1472
    567 3 26 20.672488 3 26 20.672488 1472
    568 3 26 20.673648 3 26 20.673648 1472
    569 3 26 20.674777 3 26 20.674777 1472
    570 3 26 20.675924 3 26 20.675924 1472
    571 3 26 20.677066 3 26 20.677066 1472
    572 3 26 20.678218 3 26 20.678218 1472
    573 3 26 20.679351 3 26 20.679351 1472
    574 3 26 20.680492 3 26 20.680492 1472
    575 3 26 20.681636 3 26 20.681636 1472
    576 3 26 20.682779 3 26 20.682779 1472
    577 3 26 20.683921 3 26 20.683921 1472
    578 3 26 20.685188 3 26 20.685188 1472
    579 3 26 20.686209 3 26 20.686209 1472
    580 3 26 20.687349 3 26 20.687349 1472
    581 3 26 20.688500 3 26 20.688500 1472
    582 3 26 20.689586 3 26 20.689586 1472
    583 3 26 20.690728 3 26 20.690728 1472
    584 3 26 20.691886 3 26 20.691886 1472
    585 3 26 20.693087 3 26 20.693087 1472
    586 3 26 20.694206 3 26 20.694206 1472
    587 3 26 20.695350 3 26 20.695350 1472
    588 3 26 20.696507 3 26 20.696507 1472
    589 3 26 20.697630 3 26 20.697630 1472
    590 3 26 20.698792 3 26 20.698792 1472
    591 3 26 20.699929 3 26 20.699929 1472
    592 3 26 20.701073 3 26 20.701073 1472
    593 3 26 20.702207 3 26 20.702207 1472
    594 3 26 20.703354 3 26 20.703354 1472
    595 3 26 20.704495 3 26 20.704495 1472
    596 3 26 20.705635 3 26 20.705635 1472
    597 3 26 20.706776 3 26 20.706776 1472
    598 3 26 20.707920 3 26 20.707920 1472
    599 3 26 20.709044 3 26 20.709044 1472
    600 3 26 20.710184 3 26 20.710184 1472
    601 3 26 20.711342 3 26 20.711342 1472
    602 3 26 20.712492 3 26 20.712492 1472
    603 3 26 20.713646 3 26 20.713646 1472
    604 3 26 20.714779 3 26 20.714779 1472
    605 3 26 20.715921 3 26 20.715921 1472
    606 3 26 20.717067 3 26 20.717067 1472
    607 3 26 20.718206 3 26 20.718206 1472
    608 3 26 20.719350 3 26 20.719350 1472
    609 3 26 20.720497 3 26 20.720497 1472
    610 3 26 20.721636 3 26 20.721636 1472
    611 3 26 20.722778 3 26 20.722778 1472
    612 3 26 20.723922 3 26 20.723922 1472
    613 3 26 20.725065 3 26 20.725065 1472
    614 3 26 20.726206 3 26 20.726206 1472
    615 3 26 20.727350 3 26 20.727350 1472
    616 3 26 20.728502 3 26 20.728502 1472
    617 3 26 20.729641 3 26 20.729641 1472
    618 3 26 20.730799 3 26 20.730799 1472
    619 3 26 20.731927 3 26 20.731927 1472
    620 3 26 20.733073 3 26 20.733073 1472
    621 3 26 20.734206 3 26 20.734206 1472
    622 3 26 20.735350 3 26 20.735350 1472
    623 3 26 20.736492 3 26 20.736492 1472
    624 3 26 20.737635 3 26 20.737635 1472
    625 3 26 20.738785 3 26 20.738785 1472
    626 3 26 20.739922 3 26 20.739922 1472
    627 3 26 20.741064 3 26 20.741064 1472
    628 3 26 20.742208 3 26 20.742208 1472
    629 3 26 20.743351 3 26 20.743351 1472
    630 3 26 20.744496 3 26 20.744496 1472
    631 3 26 20.745635 3 26 20.745635 1472
    632 3 26 20.746738 3 26 20.746738 1472
    633 3 26 20.747879 3 26 20.747879 1472
    634 3 26 20.749043 3 26 20.749043 1472
    635 3 26 20.750206 3 26 20.750206 1472
    636 3 26 20.751349 3 26 20.751349 1472
    637 3 26 20.752493 3 26 20.752493 1472
    638 3 26 20.753636 3 26 20.753636 1472
    639 3 26 20.754778 3 26 20.754778 1472
    640 3 26 20.755921 3 26 20.755921 1472
    641 3 26 20.757069 3 26 20.757069 1472
    642 3 26 20.758209 3 26 20.758209 1472
    643 3 26 20.759351 3 26 20.759351 1472
    644 3 26 20.760493 3 26 20.760493 1472
    645 3 26 20.761634 3 26 20.761634 1472
    646 3 26 20.762779 3 26 20.762779 1472
    647 3 26 20.763920 3 26 20.763920 1472
    648 3 26 20.765066 3 26 20.765066 1472
    649 3 26 20.766194 3 26 20.766194 1472
    650 3 26 20.767336 3 26 20.767336 1472
    651 3 26 20.768495 3 26 20.768495 1472
    652 3 26 20.769590 3 26 20.769590 1472
    653 3 26 20.770786 3 26 20.770786 1472
    654 3 26 20.771922 3 26 20.771922 1472
    655 3 26 20.773066 3 26 20.773066 1472
    656 3 26 20.774215 3 26 20.774215 1472
    657 3 26 20.775349 3 26 20.775349 1472
    658 3 26 20.776493 3 26 20.776493 1472
    659 3 26 20.777636 3 26 20.777636 1472
    660 3 26 20.778779 3 26 20.778779 1472
    661 3 26 20.779921 3 26 20.779921 1472
    662 3 26 20.781065 3 26 20.781065 1472
    663 3 26 20.782205 3 26 20.782205 1472
    664 3 26 20.783350 3 26 20.783350 1472
    665 3 26 20.784441 3 26 20.784441 1472
    666 3 26 20.785648 3 26 20.785648 1472
    667 3 26 20.786740 3 26 20.786740 1472
    668 3 26 20.787943 3 26 20.787943 1472
    669 3 26 20.789104 3 26 20.789104 1472
    670 3 26 20.790207 3 26 20.790207 1472
    671 3 26 20.791350 3 26 20.791350 1472
    672 3 26 20.792500 3 26 20.792500 1472
    673 3 26 20.793638 3 26 20.793638 1472
    674 3 26 20.794778 3 26 20.794778 1472
    675 3 26 20.795928 3 26 20.795928 1472
    676 3 26 20.797073 3 26 20.797073 1472
    677 3 26 20.798207 3 26 20.798207 1472
    678 3 26 20.799355 3 26 20.799355 1472
    679 3 26 20.800497 3 26 20.800497 1472
    680 3 26 20.801635 3 26 20.801635 1472
    681 3 26 20.802776 3 26 20.802776 1472
    682 3 26 20.803891 3 26 20.803891 1472
    683 3 26 20.805033 3 26 20.805033 1472
    684 3 26 20.806191 3 26 20.806191 1472
    685 3 26 20.807349 3 26 20.807349 1472
    686 3 26 20.808493 3 26 20.808493 1472
    687 3 26 20.809637 3 26 20.809637 1472
    688 3 26 20.810779 3 26 20.810779 1472
    689 3 26 20.811921 3 26 20.811921 1472
    690 3 26 20.813065 3 26 20.813065 1472
    691 3 26 20.814206 3 26 20.814206 1472
    692 3 26 20.815350 3 26 20.815350 1472
    693 3 26 20.816496 3 26 20.816496 1472
    694 3 26 20.817637 3 26 20.817637 1472
    695 3 26 20.818778 3 26 20.818778 1472
    696 3 26 20.819921 3 26 20.819921 1472
    697 3 26 20.821065 3 26 20.821065 1472
    698 3 26 20.822207 3 26 20.822207 1472
    699 3 26 20.823347 3 26 20.823347 1472
    700 3 26 20.824487 3 26 20.824487 1472
    701 3 26 20.825648 3 26 20.825648 1472
    702 3 26 20.826736 3 26 20.826736 1472
    703 3 26 20.827922 3 26 20.827922 1472
    704 3 26 20.829066 3 26 20.829066 1472
    705 3 26 20.830217 3 26 20.830217 1472
    706 3 26 20.831357 3 26 20.831357 1472
    707 3 26 20.832495 3 26 20.832495 1472
    708 3 26 20.833635 3 26 20.833635 1472
    709 3 26 20.834778 3 26 20.834778 1472
    710 3 26 20.835953 3 26 20.835953 1472
    711 3 26 20.837070 3 26 20.837070 1472
    712 3 26 20.838211 3 26 20.838211 1472
    713 3 26 20.839352 3 26 20.839352 1472
    714 3 26 20.840496 3 26 20.840496 1472
    715 3 26 20.841587 3 26 20.841587 1472
    716 3 26 20.842728 3 26 20.842728 1472
    717 3 26 20.843886 3 26 20.843886 1472
    718 3 26 20.845091 3 26 20.845091 1472
    719 3 26 20.846215 3 26 20.846215 1472
    720 3 26 20.847350 3 26 20.847350 1472
    721 3 26 20.848503 3 26 20.848503 1472
    722 3 26 20.849638 3 26 20.849638 1472
    723 3 26 20.850778 3 26 20.850778 1472
    724 3 26 20.851926 3 26 20.851926 1472
    725 3 26 20.853065 3 26 20.853065 1472
    726 3 26 20.854213 3 26 20.854213 1472
    727 3 26 20.855350 3 26 20.855350 1472
    728 3 26 20.856497 3 26 20.856497 1472
    729 3 26 20.857635 3 26 20.857635 1472
    730 3 26 20.858776 3 26 20.858776 1472
    731 3 26 20.859922 3 26 20.859922 1472
    732 3 26 20.861045 3 26 20.861045 1472
    733 3 26 20.862183 3 26 20.862183 1472
    734 3 26 20.863344 3 26 20.863344 1472
    735 3 26 20.864495 3 26 20.864495 1472
    736 3 26 20.865635 3 26 20.865635 1472
    737 3 26 20.866776 3 26 20.866776 1472
    738 3 26 20.867929 3 26 20.867929 1472
    739 3 26 20.869074 3 26 20.869074 1472
    740 3 26 20.870207 3 26 20.870207 1472
    741 3 26 20.871349 3 26 20.871349 1472
    742 3 26 20.872496 3 26 20.872496 1472
    743 3 26 20.873636 3 26 20.873636 1472
    744 3 26 20.874777 3 26 20.874777 1472
    745 3 26 20.875920 3 26 20.875920 1472
    746 3 26 20.877065 3 26 20.877065 1472
    747 3 26 20.878208 3 26 20.878208 1472
    748 3 26 20.879352 3 26 20.879352 1472
    749 3 26 20.880504 3 26 20.880504 1472
    750 3 26 20.881640 3 26 20.881640 1472
    751 3 26 20.882799 3 26 20.882799 1472
    752 3 26 20.883890 3 26 20.883890 1472
    753 3 26 20.885066 3 26 20.885066 1472
    754 3 26 20.886207 3 26 20.886207 1472
    755 3 26 20.887350 3 26 20.887350 1472
    756 3 26 20.888493 3 26 20.888493 1472
    757 3 26 20.889638 3 26 20.889638 1472
    758 3 26 20.890785 3 26 20.890785 1472
    759 3 26 20.891929 3 26 20.891929 1472
    760 3 26 20.893066 3 26 20.893066 1472
    761 3 26 20.894207 3 26 20.894207 1472
    762 3 26 20.895348 3 26 20.895348 1472
    763 3 26 20.896497 3 26 20.896497 1472
    764 3 26 20.897635 3 26 20.897635 1472
    765 3 26 20.898740 3 26 20.898740 1472
    766 3 26 20.899879 3 26 20.899879 1472
    767 3 26 20.901039 3 26 20.901039 1472
    768 3 26 20.902212 3 26 20.902212 1472
    769 3 26 20.903348 3 26 20.903348 1472
    770 3 26 20.904496 3 26 20.904496 1472
    771 3 26 20.905636 3 26 20.905636 1472
    772 3 26 20.906779 3 26 20.906779 1472
    773 3 26 20.907921 3 26 20.907921 1472
    774 3 26 20.909064 3 26 20.909064 1472
    775 3 26 20.910206 3 26 20.910206 1472
    776 3 26 20.911349 3 26 20.911349 1472
    777 3 26 20.912496 3 26 20.912496 1472
    778 3 26 20.913634 3 26 20.913634 1472
    779 3 26 20.914777 3 26 20.914777 1472
    780 3 26 20.915921 3 26 20.915921 1472
    781 3 26 20.917063 3 26 20.917063 1472
    782 3 26 20.918193 3 26 20.918193 1472
    783 3 26 20.919353 3 26 20.919353 1472
    784 3 26 20.920500 3 26 20.920500 1472
    785 3 26 20.921635 3 26 20.921635 1472
    786 3 26 20.922778 3 26 20.922778 1472
    787 3 26 20.923921 3 26 20.923921 1472
    788 3 26 20.925066 3 26 20.925066 1472
    789 3 26 20.926207 3 26 20.926207 1472
    790 3 26 20.927351 3 26 20.927351 1472
    791 3 26 20.928501 3 26 20.928501 1472
    792 3 26 20.929636 3 26 20.929636 1472
    793 3 26 20.930793 3 26 20.930793 1472
    794 3 26 20.931920 3 26 20.931920 1472
    795 3 26 20.933177 3 26 20.933177 1472
    796 3 26 20.934207 3 26 20.934207 1472
    797 3 26 20.935348 3 26 20.935348 1472
    798 3 26 20.936496 3 26 20.936496 1472
    799 3 26 20.937640 3 26 20.937640 1472
    800 3 26 20.938797 3 26 20.938797 1472
    801 3 26 20.939893 3 26 20.939893 1472
    802 3 26 20.941060 3 26 20.941060 1472
    803 3 26 20.942171 3 26 20.942171 1472
    804 3 26 20.943350 3 26 20.943350 1472
    805 3 26 20.944496 3 26 20.944496 1472
    806 3 26 20.945637 3 26 20.945637 1472
    807 3 26 20.946778 3 26 20.946778 1472
    808 3 26 20.947921 3 26 20.947921 1472
    809 3 26 20.949556 3 26 20.949556 1472
    810 3 26 20.950206 3 26 20.950206 1472
    811 3 26 20.951350 3 26 20.951350 1472
    812 3 26 20.952497 3 26 20.952497 1472
    813 3 26 20.953635 3 26 20.953635 1472
    814 3 26 20.954778 3 26 20.954778 1472
    815 3 26 20.955897 3 26 20.955897 1472
    816 3 26 20.957032 3 26 20.957032 1472
    817 3 26 20.958189 3 26 20.958189 1472
    818 3 26 20.959413 3 26 20.959413 1472
    819 3 26 20.960518 3 26 20.960518 1472
    820 3 26 20.961638 3 26 20.961638 1472
    821 3 26 20.962778 3 26 20.962778 1472
    822 3 26 20.963922 3 26 20.963922 1472
    823 3 26 20.965066 3 26 20.965066 1472
    824 3 26 20.966212 3 26 20.966212 1472
    825 3 26 20.967349 3 26 20.967349 1472
    826 3 26 20.968496 3 26 20.968496 1472
    827 3 26 20.969636 3 26 20.969636 1472
    828 3 26 20.970776 3 26 20.970776 1472
    829 3 26 20.971921 3 26 20.971921 1472
    830 3 26 20.973064 3 26 20.973064 1472
    831 3 26 20.974206 3 26 20.974206 1472
    832 3 26 20.975346 3 26 20.975346 1472
    833 3 26 20.976486 3 26 20.976486 1472
    834 3 26 20.977650 3 26 20.977650 1472
    835 3 26 20.978777 3 26 20.978777 1472
    836 3 26 20.979922 3 26 20.979922 1472
    837 3 26 20.981065 3 26 20.981065 1472
    838 3 26 20.982213 3 26 20.982213 1472
    839 3 26 20.983350 3 26 20.983350 1472
    840 3 26 20.984494 3 26 20.984494 1472
    841 3 26 20.985637 3 26 20.985637 1472
    842 3 26 20.986778 3 26 20.986778 1472
    843 3 26 20.987921 3 26 20.987921 1472
    844 3 26 20.989066 3 26 20.989066 1472
    845 3 26 20.990207 3 26 20.990207 1472
    846 3 26 20.991351 3 26 20.991351 1472
    847 3 26 20.992495 3 26 20.992495 1472
    848 3 26 20.993587 3 26 20.993587 1472
    849 3 26 20.994727 3 26 20.994727 1472
    850 3 26 20.995892 3 26 20.995892 1472
    851 3 26 20.997088 3 26 20.997088 1472
    852 3 26 20.998166 3 26 20.998166 1472
    853 3 26 20.999351 3 26 20.999351 1472
    854 3 26 21.000495 3 26 21.000495 1472
    855 3 26 21.001619 3 26 21.001619 1472
    856 3 26 21.002791 3 26 21.002791 1472
    857 3 26 21.003920 3 26 21.003920 1472
    858 3 26 21.005065 3 26 21.005065 1472
    859 3 26 21.006206 3 26 21.006206 1472
    860 3 26 21.007350 3 26 21.007350 1472
    861 3 26 21.008496 3 26 21.008496 1472
    862 3 26 21.009634 3 26 21.009634 1472
    863 3 26 21.010777 3 26 21.010777 1472
    864 3 26 21.011921 3 26 21.011921 1472
    865 3 26 21.013331 3 26 21.013331 1472
    866 3 26 21.014195 3 26 21.014195 1472
    867 3 26 21.015343 3 26 21.015343 1472
    868 3 26 21.016493 3 26 21.016493 1472
    869 3 26 21.017637 3 26 21.017637 1472
    870 3 26 21.018778 3 26 21.018778 1472
    871 3 26 21.019922 3 26 21.019922 1472
    872 3 26 21.021069 3 26 21.021069 1472
    873 3 26 21.022207 3 26 21.022207 1472
    874 3 26 21.023361 3 26 21.023361 1472
    875 3 26 21.024498 3 26 21.024498 1472
    876 3 26 21.025635 3 26 21.025635 1472
    877 3 26 21.026779 3 26 21.026779 1472
    878 3 26 21.027920 3 26 21.027920 1472
    879 3 26 21.029064 3 26 21.029064 1472
    880 3 26 21.030207 3 26 21.030207 1472
    881 3 26 21.031349 3 26 21.031349 1472
    882 3 26 21.032502 3 26 21.032502 1472
    883 3 26 21.033639 3 26 21.033639 1472
    884 3 26 21.034797 3 26 21.034797 1472
    885 3 26 21.035920 3 26 21.035920 1472
    886 3 26 21.037064 3 26 21.037064 1472
    887 3 26 21.038206 3 26 21.038206 1472
    888 3 26 21.039353 3 26 21.039353 1472
    889 3 26 21.040493 3 26 21.040493 1472
    890 3 26 21.041637 3 26 21.041637 1472
    891 3 26 21.042778 3 26 21.042778 1472
    892 3 26 21.043925 3 26 21.043925 1472
    893 3 26 21.045066 3 26 21.045066 1472
    894 3 26 21.046206 3 26 21.046206 1472
    895 3 26 21.047861 3 26 21.047861 1472
    896 3 26 21.048497 3 26 21.048497 1472
    897 3 26 21.049635 3 26 21.049635 1472
    898 3 26 21.050739 3 26 21.050739 1472
    899 3 26 21.051880 3 26 21.051880 1472
    900 3 26 21.053052 3 26 21.053052 1472
    901 3 26 21.054175 3 26 21.054175 1472
    902 3 26 21.055331 3 26 21.055331 1472
    903 3 26 21.056494 3 26 21.056494 1472
    904 3 26 21.057636 3 26 21.057636 1472
    905 3 26 21.058779 3 26 21.058779 1472
    906 3 26 21.059923 3 26 21.059923 1472
    907 3 26 21.061074 3 26 21.061074 1472
    908 3 26 21.062207 3 26 21.062207 1472
    909 3 26 21.063351 3 26 21.063351 1472
    910 3 26 21.064499 3 26 21.064499 1472
    911 3 26 21.065636 3 26 21.065636 1472
    912 3 26 21.066777 3 26 21.066777 1472
    913 3 26 21.067920 3 26 21.067920 1472
    914 3 26 21.069065 3 26 21.069065 1472
    915 3 26 21.070194 3 26 21.070194 1472
    916 3 26 21.071335 3 26 21.071335 1472
    917 3 26 21.072493 3 26 21.072493 1472
    918 3 26 21.073636 3 26 21.073636 1472
    919 3 26 21.074784 3 26 21.074784 1472
    920 3 26 21.075919 3 26 21.075919 1472
    921 3 26 21.077065 3 26 21.077065 1472
    922 3 26 21.078206 3 26 21.078206 1472
    923 3 26 21.079352 3 26 21.079352 1472
    924 3 26 21.080498 3 26 21.080498 1472
    925 3 26 21.081635 3 26 21.081635 1472
    926 3 26 21.082778 3 26 21.082778 1472
    927 3 26 21.083921 3 26 21.083921 1472
    928 3 26 21.085066 3 26 21.085066 1472
    929 3 26 21.086207 3 26 21.086207 1472
    930 3 26 21.087350 3 26 21.087350 1472
