      1 1 15 33.396070 1 15 33.399225 1460
      2 1 15 33.399011 1 15 33.404941 1460
      3 1 15 33.401809 1 15 33.405402 1460
      4 1 15 33.404623 1 15 33.410598 1460
      5 1 15 33.407465 1 15 33.411653 1460
      6 1 15 33.410277 1 15 33.416257 1460
      7 1 15 33.413102 1 15 33.417859 1460
      8 1 15 33.415925 1 15 33.421894 1460
      9 1 15 33.418768 1 15 33.424048 1460
     10 1 15 33.421573 1 15 33.427518 1460
     11 1 15 33.424397 1 15 33.430273 1460
     12 1 15 33.427225 1 15 33.433182 1460
     13 1 15 33.430053 1 15 33.436000 1460
     14 1 15 33.432873 1 15 33.436469 1460
     15 1 15 33.435701 1 15 33.441688 1460
     16 1 15 33.438543 1 15 33.442728 1460
     17 1 15 33.441370 1 15 33.447304 1460
     18 1 15 33.444170 1 15 33.448912 1460
     19 1 15 33.446995 1 15 33.452944 1460
     20 1 15 33.449807 1 15 33.455123 1460
     21 1 15 33.452648 1 15 33.458590 1460
     22 1 15 33.455474 1 15 33.461331 1460
     23 1 15 33.458297 1 15 33.464247 1460
     24 1 15 33.461128 1 15 33.467064 1460
     25 1 15 33.463951 1 15 33.467508 1460
     26 1 15 33.466769 1 15 33.472696 1460
     27 1 15 33.469568 1 15 33.473734 1460
     28 1 15 33.472419 1 15 33.478366 1460
     29 1 15 33.475247 1 15 33.479933 1460
     30 1 15 33.478068 1 15 33.483998 1460
     31 1 15 33.480893 1 15 33.486117 1460
     32 1 15 33.483750 1 15 33.489673 1460
     33 1 15 33.486548 1 15 33.492341 1460
     34 1 15 33.489373 1 15 33.495317 1460
     35 1 15 33.492196 1 15 33.498139 1460
     36 1 15 33.495027 1 15 33.498538 1460
     37 1 15 33.497846 1 15 33.503782 1460
     38 1 15 33.500667 1 15 33.504804 1460
     39 1 15 33.503492 1 15 33.509824 1460
     40 1 15 33.506318 1 15 33.511012 1460
     41 1 15 33.509307 1 15 33.515081 1460
     42 1 15 33.511968 1 15 33.517243 1460
     43 1 15 33.514795 1 15 33.520741 1460
     44 1 15 33.517620 1 15 33.523462 1460
     45 1 15 33.520445 1 15 33.526376 1460
     46 1 15 33.523265 1 15 33.529212 1460
     47 1 15 33.526093 1 15 33.529691 1460
     48 1 15 33.528919 1 15 33.534900 1460
     49 1 15 33.531744 1 15 33.535938 1460
     50 1 15 33.534568 1 15 33.540525 1460
      1 1 15 33.439275 1 15 33.441547 1460
      2 1 15 33.442183 1 15 33.445680 1460
      3 1 15 33.445002 1 15 33.449845 1460
      4 1 15 33.447830 1 15 33.452747 1460
      5 1 15 33.450654 1 15 33.453983 1460
      6 1 15 33.453479 1 15 33.458125 1460
      7 1 15 33.456302 1 15 33.461249 1460
      8 1 15 33.459148 1 15 33.462293 1460
      9 1 15 33.461955 1 15 33.466416 1460
     10 1 15 33.464779 1 15 33.469689 1460
     11 1 15 33.467604 1 15 33.470553 1460
     12 1 15 33.470429 1 15 33.474693 1460
     13 1 15 33.473255 1 15 33.478174 1460
     14 1 15 33.476078 1 15 33.478828 1460
     15 1 15 33.478873 1 15 33.482965 1460
     16 1 15 33.481726 1 15 33.486648 1460
     17 1 15 33.484554 1 15 33.487108 1460
     18 1 15 33.487377 1 15 33.491297 1460
     19 1 15 33.490206 1 15 33.495136 1460
     20 1 15 33.493028 1 15 33.495454 1460
     21 1 15 33.495856 1 15 33.499583 1460
     22 1 15 33.498679 1 15 33.503599 1460
     23 1 15 33.501508 1 15 33.503728 1460
     24 1 15 33.504328 1 15 33.507891 1460
     25 1 15 33.507153 1 15 33.512048 1460
     26 1 15 33.509970 1 15 33.514892 1460
     27 1 15 33.512802 1 15 33.516199 1460
     28 1 15 33.515627 1 15 33.520353 1460
     29 1 15 33.518453 1 15 33.523367 1460
     30 1 15 33.521276 1 15 33.524509 1460
     31 1 15 33.524099 1 15 33.528649 1460
     32 1 15 33.526927 1 15 33.531843 1460
     33 1 15 33.529750 1 15 33.532819 1460
     34 1 15 33.532583 1 15 33.536985 1460
     35 1 15 33.535411 1 15 33.540323 1460
     36 1 15 33.538223 1 15 33.541136 1460
     37 1 15 33.541052 1 15 33.545292 1460
     38 1 15 33.543877 1 15 33.548805 1460
     39 1 15 33.546706 1 15 33.549424 1460
     40 1 15 33.549526 1 15 33.553567 1460
     41 1 15 33.552349 1 15 33.557279 1460
     42 1 15 33.555179 1 15 33.557726 1460
     43 1 15 33.558002 1 15 33.561883 1460
     44 1 15 33.560825 1 15 33.565742 1460
     45 1 15 33.563651 1 15 33.565989 1460
     46 1 15 33.566473 1 15 33.570138 1460
     47 1 15 33.569299 1 15 33.574215 1460
     48 1 15 33.572124 1 15 33.574263 1460
     49 1 15 33.574952 1 15 33.578397 1460
     50 1 15 33.577773 1 15 33.582591 1460
     51 1 15 33.537394 1 15 33.542181 1460
     52 1 15 33.540216 1 15 33.546163 1460
     53 1 15 33.543047 1 15 33.548997 1460
     54 1 15 33.545876 1 15 33.551484 1460
     55 1 15 33.548693 1 15 33.554606 1460
     56 1 15 33.551496 1 15 33.557468 1460
     57 1 15 33.554343 1 15 33.557709 1460
     58 1 15 33.557166 1 15 33.563122 1460
     59 1 15 33.559992 1 15 33.563935 1460
     60 1 15 33.562821 1 15 33.568761 1460
     61 1 15 33.565640 1 15 33.570121 1460
     62 1 15 33.568468 1 15 33.574410 1460
     63 1 15 33.571289 1 15 33.576326 1460
     64 1 15 33.574115 1 15 33.580053 1460
     65 1 15 33.576939 1 15 33.582549 1460
     66 1 15 33.579768 1 15 33.585779 1460
     67 1 15 33.582667 1 15 33.588560 1460
     68 1 15 33.585419 1 15 33.591383 1460
     69 1 15 33.588236 1 15 33.591425 1460
     70 1 15 33.591068 1 15 33.597050 1460
     71 1 15 33.593896 1 15 33.597619 1460
     72 1 15 33.596713 1 15 33.602654 1460
     73 1 15 33.599539 1 15 33.603811 1460
     74 1 15 33.602361 1 15 33.608305 1460
     75 1 15 33.605190 1 15 33.609994 1460
     76 1 15 33.608012 1 15 33.613953 1460
     77 1 15 33.610836 1 15 33.616193 1460
     78 1 15 33.613669 1 15 33.619605 1460
     79 1 15 33.616487 1 15 33.622382 1460
     80 1 15 33.619284 1 15 33.625256 1460
     81 1 15 33.622138 1 15 33.628086 1460
     82 1 15 33.624960 1 15 33.628607 1460
     83 1 15 33.627789 1 15 33.633754 1460
     84 1 15 33.630614 1 15 33.634801 1460
     85 1 15 33.633439 1 15 33.639378 1460
     86 1 15 33.636262 1 15 33.640979 1460
     87 1 15 33.639085 1 15 33.645049 1460
     88 1 15 33.641911 1 15 33.647154 1460
     89 1 15 33.644737 1 15 33.650677 1460
     90 1 15 33.647562 1 15 33.653345 1460
     91 1 15 33.650387 1 15 33.656334 1460
     92 1 15 33.653213 1 15 33.659154 1460
     93 1 15 33.656027 1 15 33.659522 1460
     94 1 15 33.658858 1 15 33.664802 1460
     95 1 15 33.661684 1 15 33.665709 1460
     96 1 15 33.664509 1 15 33.670450 1460
     97 1 15 33.667333 1 15 33.671894 1460
     98 1 15 33.670158 1 15 33.676149 1460
     99 1 15 33.672992 1 15 33.678085 1460
    100 1 15 33.675812 1 15 33.681767 1460
     51 1 15 33.580601 1 15 33.585540 1460
     52 1 15 33.583433 1 15 33.586742 1460
     53 1 15 33.586246 1 15 33.590915 1460
     54 1 15 33.589044 1 15 33.594017 1460
     55 1 15 33.591907 1 15 33.595063 1460
     56 1 15 33.594723 1 15 33.599193 1460
     57 1 15 33.597549 1 15 33.602488 1460
     58 1 15 33.600396 1 15 33.603324 1460
     59 1 15 33.603197 1 15 33.607466 1460
     60 1 15 33.606020 1 15 33.610939 1460
     61 1 15 33.608846 1 15 33.611597 1460
     62 1 15 33.611674 1 15 33.615757 1460
     63 1 15 33.614494 1 15 33.619411 1460
     64 1 15 33.617320 1 15 33.619881 1460
     65 1 15 33.620148 1 15 33.624018 1460
     66 1 15 33.622971 1 15 33.627887 1460
     67 1 15 33.625796 1 15 33.628135 1460
     68 1 15 33.628571 1 15 33.632263 1460
     69 1 15 33.631444 1 15 33.636395 1460
     70 1 15 33.634272 1 15 33.636403 1460
     71 1 15 33.637099 1 15 33.640523 1460
     72 1 15 33.639924 1 15 33.644657 1460
     73 1 15 33.642746 1 15 33.647663 1460
     74 1 15 33.645577 1 15 33.648795 1460
     75 1 15 33.648392 1 15 33.652940 1460
     76 1 15 33.651221 1 15 33.656137 1460
     77 1 15 33.654043 1 15 33.657094 1460
     78 1 15 33.656874 1 15 33.661220 1460
     79 1 15 33.659695 1 15 33.664608 1460
     80 1 15 33.662517 1 15 33.665377 1460
     81 1 15 33.665340 1 15 33.669514 1460
     82 1 15 33.668170 1 15 33.673099 1460
     83 1 15 33.670991 1 15 33.673658 1460
     84 1 15 33.673822 1 15 33.677793 1460
     85 1 15 33.676648 1 15 33.681573 1460
     86 1 15 33.679467 1 15 33.681930 1460
     87 1 15 33.682298 1 15 33.686087 1460
     88 1 15 33.685129 1 15 33.690052 1460
     89 1 15 33.687947 1 15 33.690252 1460
     90 1 15 33.690765 1 15 33.694388 1460
     91 1 15 33.693590 1 15 33.698538 1460
     92 1 15 33.696420 1 15 33.701329 1460
     93 1 15 33.699243 1 15 33.702666 1460
     94 1 15 33.702066 1 15 33.706806 1460
     95 1 15 33.704892 1 15 33.709806 1460
     96 1 15 33.707717 1 15 33.710937 1460
     97 1 15 33.710540 1 15 33.715068 1460
     98 1 15 33.713366 1 15 33.718282 1460
     99 1 15 33.716189 1 15 33.719327 1460
    100 1 15 33.719016 1 15 33.723449 1460
    101 1 15 33.678632 1 15 33.684299 1460
    102 1 15 33.681462 1 15 33.687418 1460
    103 1 15 33.684309 1 15 33.690230 1460
    104 1 15 33.687123 1 15 33.692672 1460
    105 1 15 33.689937 1 15 33.695877 1460
    106 1 15 33.692762 1 15 33.698709 1460
    107 1 15 33.695585 1 15 33.698852 1460
    108 1 15 33.698408 1 15 33.704357 1460
    109 1 15 33.701239 1 15 33.705036 1460
    110 1 15 33.704056 1 15 33.709994 1460
    111 1 15 33.706884 1 15 33.711218 1460
    112 1 15 33.709707 1 15 33.715645 1460
    113 1 15 33.712533 1 15 33.717433 1460
    114 1 15 33.715341 1 15 33.721305 1460
    115 1 15 33.718189 1 15 33.723618 1460
    116 1 15 33.721035 1 15 33.726950 1460
    117 1 15 33.723838 1 15 33.729764 1460
    118 1 15 33.726658 1 15 33.732295 1460
    119 1 15 33.729488 1 15 33.735425 1460
    120 1 15 33.732304 1 15 33.738255 1460
    121 1 15 33.735129 1 15 33.738522 1460
    122 1 15 33.737962 1 15 33.743899 1460
    123 1 15 33.740780 1 15 33.744743 1460
    124 1 15 33.743605 1 15 33.749554 1460
    125 1 15 33.746433 1 15 33.750914 1460
    126 1 15 33.749268 1 15 33.755208 1460
    127 1 15 33.752079 1 15 33.757088 1460
    128 1 15 33.754908 1 15 33.760849 1460
    129 1 15 33.757730 1 15 33.763278 1460
    130 1 15 33.760556 1 15 33.766497 1460
    131 1 15 33.763382 1 15 33.769326 1460
    132 1 15 33.766204 1 15 33.769458 1460
    133 1 15 33.769050 1 15 33.774970 1460
    134 1 15 33.771853 1 15 33.775691 1460
    135 1 15 33.774627 1 15 33.780622 1460
    136 1 15 33.777506 1 15 33.781860 1460
    137 1 15 33.780329 1 15 33.786276 1460
    138 1 15 33.783155 1 15 33.788051 1460
    139 1 15 33.785975 1 15 33.791915 1460
    140 1 15 33.788801 1 15 33.794238 1460
    141 1 15 33.791629 1 15 33.797575 1460
    142 1 15 33.794454 1 15 33.800431 1460
    143 1 15 33.797283 1 15 33.803213 1460
    144 1 15 33.800091 1 15 33.806046 1460
    145 1 15 33.802926 1 15 33.806609 1460
    146 1 15 33.805754 1 15 33.811700 1460
    147 1 15 33.808579 1 15 33.812798 1460
    148 1 15 33.811402 1 15 33.817354 1460
    149 1 15 33.814228 1 15 33.818972 1460
    150 1 15 33.817053 1 15 33.823002 1460
    101 1 15 33.721840 1 15 33.726750 1460
    102 1 15 33.724646 1 15 33.727615 1460
    103 1 15 33.727491 1 15 33.731763 1460
    104 1 15 33.730314 1 15 33.735264 1460
    105 1 15 33.733145 1 15 33.735894 1460
    106 1 15 33.735967 1 15 33.740039 1460
    107 1 15 33.738791 1 15 33.743701 1460
    108 1 15 33.741619 1 15 33.744174 1460
    109 1 15 33.744439 1 15 33.748320 1460
    110 1 15 33.747270 1 15 33.752183 1460
    111 1 15 33.750089 1 15 33.752445 1460
    112 1 15 33.752915 1 15 33.756574 1460
    113 1 15 33.755740 1 15 33.760767 1460
    114 1 15 33.758563 1 15 33.760775 1460
    115 1 15 33.761387 1 15 33.764899 1460
    116 1 15 33.764220 1 15 33.769039 1460
    117 1 15 33.767038 1 15 33.771957 1460
    118 1 15 33.769865 1 15 33.773195 1460
    119 1 15 33.772688 1 15 33.777346 1460
    120 1 15 33.775517 1 15 33.780444 1460
    121 1 15 33.778337 1 15 33.781491 1460
    122 1 15 33.781168 1 15 33.785615 1460
    123 1 15 33.783985 1 15 33.788905 1460
    124 1 15 33.786810 1 15 33.789754 1460
    125 1 15 33.789637 1 15 33.793897 1460
    126 1 15 33.792461 1 15 33.797378 1460
    127 1 15 33.795268 1 15 33.798028 1460
    128 1 15 33.798113 1 15 33.802176 1460
    129 1 15 33.800941 1 15 33.805852 1460
    130 1 15 33.803763 1 15 33.806320 1460
    131 1 15 33.806618 1 15 33.810457 1460
    132 1 15 33.809407 1 15 33.814334 1460
    133 1 15 33.812235 1 15 33.814576 1460
    134 1 15 33.815060 1 15 33.818703 1460
    135 1 15 33.817886 1 15 33.822825 1460
    136 1 15 33.820709 1 15 33.822833 1460
    137 1 15 33.823534 1 15 33.826953 1460
    138 1 15 33.826358 1 15 33.831094 1460
    139 1 15 33.829192 1 15 33.834096 1460
    140 1 15 33.832008 1 15 33.835234 1460
    141 1 15 33.834837 1 15 33.839368 1460
    142 1 15 33.837660 1 15 33.842573 1460
    143 1 15 33.840484 1 15 33.843507 1460
    144 1 15 33.843310 1 15 33.848342 1460
    145 1 15 33.846161 1 15 33.849373 1460
    146 1 15 33.848972 1 15 33.853526 1460
    147 1 15 33.851784 1 15 33.856664 1460
    148 1 15 33.854557 1 15 33.857703 1460
    149 1 15 33.857438 1 15 33.861837 1460
    150 1 15 33.860261 1 15 33.865178 1460
    151 1 15 33.819876 1 15 33.825178 1460
    152 1 15 33.822705 1 15 33.828637 1460
    153 1 15 33.825527 1 15 33.831457 1460
    154 1 15 33.828352 1 15 33.833908 1460
    155 1 15 33.831180 1 15 33.837117 1460
    156 1 15 33.834004 1 15 33.839947 1460
    157 1 15 33.836826 1 15 33.840086 1460
    158 1 15 33.839654 1 15 33.847267 1460
    159 1 15 33.842458 1 15 33.848221 1460
    160 1 15 33.846187 1 15 33.851256 1460
    161 1 15 33.848135 1 15 33.854062 1460
    162 1 15 33.850952 1 15 33.854402 1460
    163 1 15 33.853777 1 15 33.859765 1460
    164 1 15 33.856599 1 15 33.860581 1460
    165 1 15 33.859425 1 15 33.865381 1460
    166 1 15 33.862254 1 15 33.866767 1460
    167 1 15 33.865079 1 15 33.871031 1460
    168 1 15 33.867899 1 15 33.873846 1460
    169 1 15 33.870733 1 15 33.874149 1460
    170 1 15 33.873550 1 15 33.879494 1460
    171 1 15 33.876376 1 15 33.880332 1460
    172 1 15 33.879204 1 15 33.885165 1460
    173 1 15 33.882030 1 15 33.886817 1460
    174 1 15 33.884852 1 15 33.890790 1460
    175 1 15 33.887675 1 15 33.893061 1460
    176 1 15 33.890498 1 15 33.896444 1460
    177 1 15 33.893331 1 15 33.899250 1460
    178 1 15 33.896129 1 15 33.902079 1460
    179 1 15 33.898974 1 15 33.904933 1460
    180 1 15 33.901800 1 15 33.905478 1460
    181 1 15 33.904623 1 15 33.910563 1460
    182 1 15 33.907446 1 15 33.911701 1460
    183 1 15 33.910274 1 15 33.916213 1460
    184 1 15 33.913099 1 15 33.917920 1460
    185 1 15 33.915927 1 15 33.921860 1460
    186 1 15 33.918747 1 15 33.924126 1460
    187 1 15 33.921579 1 15 33.927514 1460
    188 1 15 33.924396 1 15 33.930379 1460
    189 1 15 33.927236 1 15 33.933159 1460
    190 1 15 33.930047 1 15 33.935997 1460
    191 1 15 33.932873 1 15 33.936559 1460
    192 1 15 33.935704 1 15 33.941642 1460
    193 1 15 33.938529 1 15 33.942796 1460
    194 1 15 33.941353 1 15 33.947290 1460
    195 1 15 33.944169 1 15 33.949002 1460
    196 1 15 33.947003 1 15 33.952953 1460
    197 1 15 33.949835 1 15 33.955255 1460
    198 1 15 33.952644 1 15 33.958604 1460
    199 1 15 33.955474 1 15 33.961494 1460
    200 1 15 33.958297 1 15 33.964241 1460
    151 1 15 33.863084 1 15 33.865971 1460
    152 1 15 33.865907 1 15 33.870116 1460
    153 1 15 33.868732 1 15 33.873649 1460
    154 1 15 33.871558 1 15 33.874250 1460
    155 1 15 33.874384 1 15 33.878379 1460
    156 1 15 33.877243 1 15 33.882123 1460
    157 1 15 33.880034 1 15 33.882510 1460
    158 1 15 33.882857 1 15 33.886834 1460
    159 1 15 33.885685 1 15 33.890602 1460
    160 1 15 33.888506 1 15 33.890974 1460
    161 1 15 33.891334 1 15 33.895088 1460
    162 1 15 33.894156 1 15 33.899076 1460
    163 1 15 33.896988 1 15 33.899270 1460
    164 1 15 33.899808 1 15 33.903413 1460
    165 1 15 33.902631 1 15 33.907570 1460
    166 1 15 33.905489 1 15 33.910375 1460
    167 1 15 33.908281 1 15 33.911718 1460
    168 1 15 33.911104 1 15 33.915863 1460
    169 1 15 33.913932 1 15 33.918858 1460
    170 1 15 33.916766 1 15 33.919981 1460
    171 1 15 33.919581 1 15 33.924145 1460
    172 1 15 33.922406 1 15 33.927323 1460
    173 1 15 33.925229 1 15 33.928294 1460
    174 1 15 33.928058 1 15 33.932439 1460
    175 1 15 33.930880 1 15 33.935805 1460
    176 1 15 33.933706 1 15 33.936599 1460
    177 1 15 33.936568 1 15 33.940738 1460
    178 1 15 33.939355 1 15 33.944279 1460
    179 1 15 33.942185 1 15 33.944850 1460
    180 1 15 33.945028 1 15 33.949067 1460
    181 1 15 33.947837 1 15 33.952742 1460
    182 1 15 33.950654 1 15 33.953173 1460
    183 1 15 33.953480 1 15 33.957326 1460
    184 1 15 33.956274 1 15 33.961227 1460
    185 1 15 33.959138 1 15 33.961512 1460
    186 1 15 33.961951 1 15 33.965645 1460
    187 1 15 33.964779 1 15 33.969701 1460
    188 1 15 33.967602 1 15 33.969740 1460
    189 1 15 33.970433 1 15 33.973869 1460
    190 1 15 33.973252 1 15 33.978000 1460
    191 1 15 33.976078 1 15 33.981045 1460
    192 1 15 33.978912 1 15 33.982129 1460
    193 1 15 33.981726 1 15 33.986266 1460
    194 1 15 33.984552 1 15 33.989466 1460
    195 1 15 33.987377 1 15 33.990412 1460
    196 1 15 33.990203 1 15 33.994532 1460
    197 1 15 33.993026 1 15 33.997906 1460
    198 1 15 33.995800 1 15 33.998680 1460
    199 1 15 33.998646 1 15 34.002817 1460
    200 1 15 34.001500 1 15 34.006421 1460
    201 1 15 33.961126 1 15 33.967061 1460
    202 1 15 33.963946 1 15 33.967711 1460
    203 1 15 33.966769 1 15 33.972715 1460
    204 1 15 33.969600 1 15 33.975178 1460
    205 1 15 33.972420 1 15 33.978355 1460
    206 1 15 33.975248 1 15 33.981197 1460
    207 1 15 33.978071 1 15 33.981358 1460
    208 1 15 33.980893 1 15 33.986852 1460
    209 1 15 33.983718 1 15 33.987552 1460
    210 1 15 33.986502 1 15 33.992477 1460
    211 1 15 33.989367 1 15 33.993741 1460
    212 1 15 33.992193 1 15 33.998144 1460
    213 1 15 33.995018 1 15 33.999982 1460
    214 1 15 33.997841 1 15 34.003784 1460
    215 1 15 34.000667 1 15 34.006259 1460
    216 1 15 34.003495 1 15 34.009751 1460
    217 1 15 34.006324 1 15 34.012273 1460
    218 1 15 34.009152 1 15 34.015089 1460
    219 1 15 34.011966 1 15 34.015259 1460
    220 1 15 34.014794 1 15 34.020750 1460
    221 1 15 34.017620 1 15 34.021479 1460
    222 1 15 34.020400 1 15 34.026380 1460
    223 1 15 34.023266 1 15 34.027695 1460
    224 1 15 34.026096 1 15 34.032032 1460
    225 1 15 34.028916 1 15 34.033901 1460
    226 1 15 34.031740 1 15 34.037681 1460
    227 1 15 34.034568 1 15 34.040104 1460
    228 1 15 34.037399 1 15 34.043332 1460
    229 1 15 34.040219 1 15 34.046177 1460
    230 1 15 34.043047 1 15 34.046306 1460
    231 1 15 34.045867 1 15 34.051814 1460
    232 1 15 34.048693 1 15 34.052489 1460
    233 1 15 34.051515 1 15 34.057453 1460
    234 1 15 34.054341 1 15 34.058672 1460
    235 1 15 34.057172 1 15 34.063101 1460
    236 1 15 34.059989 1 15 34.064889 1460
    237 1 15 34.062795 1 15 34.068756 1460
    238 1 15 34.065641 1 15 34.071100 1460
    239 1 15 34.068466 1 15 34.074415 1460
    240 1 15 34.071294 1 15 34.077294 1460
    241 1 15 34.074122 1 15 34.077300 1460
    242 1 15 34.076940 1 15 34.082889 1460
    243 1 15 34.079765 1 15 34.083522 1460
    244 1 15 34.082590 1 15 34.088531 1460
    245 1 15 34.085416 1 15 34.089714 1460
    246 1 15 34.088242 1 15 34.094183 1460
    247 1 15 34.091064 1 15 34.095896 1460
    248 1 15 34.093901 1 15 34.099831 1460
    249 1 15 34.096713 1 15 34.102085 1460
    250 1 15 34.099539 1 15 34.105491 1460
    201 1 15 34.004325 1 15 34.006951 1460
    202 1 15 34.007153 1 15 34.011090 1460
    203 1 15 34.009976 1 15 34.014927 1460
    204 1 15 34.012836 1 15 34.015276 1460
    205 1 15 34.015630 1 15 34.019413 1460
    206 1 15 34.018450 1 15 34.023373 1460
    207 1 15 34.021282 1 15 34.023561 1460
    208 1 15 34.024101 1 15 34.027714 1460
    209 1 15 34.026924 1 15 34.031841 1460
    210 1 15 34.029780 1 15 34.034675 1460
    211 1 15 34.032583 1 15 34.035958 1460
    212 1 15 34.035401 1 15 34.040123 1460
    213 1 15 34.038226 1 15 34.043145 1460
    214 1 15 34.041049 1 15 34.044241 1460
    215 1 15 34.043877 1 15 34.048371 1460
    216 1 15 34.046698 1 15 34.051617 1460
    217 1 15 34.049526 1 15 34.052506 1460
    218 1 15 34.052349 1 15 34.056657 1460
    219 1 15 34.055182 1 15 34.060090 1460
    220 1 15 34.057997 1 15 34.060772 1460
    221 1 15 34.060825 1 15 34.064908 1460
    222 1 15 34.063651 1 15 34.068564 1460
    223 1 15 34.066473 1 15 34.069046 1460
    224 1 15 34.069305 1 15 34.073171 1460
    225 1 15 34.072127 1 15 34.077041 1460
    226 1 15 34.074950 1 15 34.077316 1460
    227 1 15 34.077773 1 15 34.081448 1460
    228 1 15 34.080596 1 15 34.085591 1460
    229 1 15 34.083424 1 15 34.085597 1460
    230 1 15 34.086247 1 15 34.089731 1460
    231 1 15 34.089073 1 15 34.093890 1460
    232 1 15 34.091898 1 15 34.096809 1460
    233 1 15 34.094723 1 15 34.098038 1460
    234 1 15 34.097548 1 15 34.102178 1460
    235 1 15 34.100372 1 15 34.105308 1460
    236 1 15 34.103202 1 15 34.106352 1460
    237 1 15 34.106025 1 15 34.111834 1460
    238 1 15 34.108845 1 15 34.113936 1460
    239 1 15 34.111789 1 15 34.116019 1460
    240 1 15 34.114494 1 15 34.119418 1460
    241 1 15 34.117325 1 15 34.120167 1460
    242 1 15 34.120131 1 15 34.124358 1460
    243 1 15 34.122970 1 15 34.127884 1460
    244 1 15 34.125796 1 15 34.128489 1460
    245 1 15 34.128622 1 15 34.132620 1460
    246 1 15 34.131464 1 15 34.136364 1460
    247 1 15 34.134269 1 15 34.136881 1460
    248 1 15 34.137076 1 15 34.141038 1460
    249 1 15 34.139921 1 15 34.144832 1460
    250 1 15 34.142744 1 15 34.145159 1460
    251 1 15 34.102364 1 15 34.108297 1460
    252 1 15 34.105195 1 15 34.111778 1460
    253 1 15 34.108013 1 15 34.114981 1460
    254 1 15 34.111845 1 15 34.116427 1460
    255 1 15 34.113666 1 15 34.119598 1460
    256 1 15 34.116489 1 15 34.122428 1460
    257 1 15 34.119312 1 15 34.122613 1460
    258 1 15 34.122137 1 15 34.128086 1460
    259 1 15 34.124966 1 15 34.128804 1460
    260 1 15 34.127758 1 15 34.133727 1460
    261 1 15 34.130612 1 15 34.134998 1460
    262 1 15 34.133442 1 15 34.139377 1460
    263 1 15 34.136260 1 15 34.141224 1460
    264 1 15 34.139088 1 15 34.145035 1460
    265 1 15 34.141916 1 15 34.147508 1460
    266 1 15 34.144737 1 15 34.150677 1460
    267 1 15 34.147565 1 15 34.153497 1460
    268 1 15 34.150387 1 15 34.154040 1460
    269 1 15 34.153218 1 15 34.159151 1460
    270 1 15 34.156036 1 15 34.160249 1460
    271 1 15 34.158859 1 15 34.164817 1460
    272 1 15 34.161690 1 15 34.166432 1460
    273 1 15 34.164509 1 15 34.170464 1460
    274 1 15 34.167335 1 15 34.172606 1460
    275 1 15 34.170253 1 15 34.176104 1460
    276 1 15 34.172992 1 15 34.178801 1460
    277 1 15 34.175812 1 15 34.181745 1460
    278 1 15 34.178637 1 15 34.184573 1460
    279 1 15 34.181465 1 15 34.184984 1460
    280 1 15 34.184283 1 15 34.190221 1460
    281 1 15 34.187108 1 15 34.191173 1460
    282 1 15 34.189919 1 15 34.195878 1460
    283 1 15 34.192765 1 15 34.197364 1460
    284 1 15 34.195582 1 15 34.201495 1460
    285 1 15 34.198390 1 15 34.203569 1460
    286 1 15 34.201239 1 15 34.207174 1460
    287 1 15 34.204059 1 15 34.209758 1460
    288 1 15 34.206885 1 15 34.212871 1460
    289 1 15 34.209767 1 15 34.215643 1460
    290 1 15 34.212530 1 15 34.215943 1460
    291 1 15 34.215358 1 15 34.221311 1460
    292 1 15 34.218181 1 15 34.222115 1460
    293 1 15 34.220967 1 15 34.226945 1460
    294 1 15 34.223830 1 15 34.228309 1460
    295 1 15 34.226663 1 15 34.232607 1460
    296 1 15 34.229483 1 15 34.234498 1460
    297 1 15 34.232306 1 15 34.238269 1460
    298 1 15 34.235148 1 15 34.240706 1460
    299 1 15 34.237957 1 15 34.243895 1460
    300 1 15 34.240783 1 15 34.246732 1460
    251 1 15 34.145567 1 15 34.149295 1460
    252 1 15 34.148401 1 15 34.153325 1460
    253 1 15 34.151224 1 15 34.153427 1460
    254 1 15 34.154049 1 15 34.157558 1460
    255 1 15 34.156871 1 15 34.161726 1460
    256 1 15 34.159692 1 15 34.164605 1460
    257 1 15 34.162517 1 15 34.165857 1460
    258 1 15 34.165348 1 15 34.170296 1460
    259 1 15 34.168171 1 15 34.173084 1460
    260 1 15 34.170999 1 15 34.174410 1460
    261 1 15 34.173816 1 15 34.178547 1460
    262 1 15 34.176645 1 15 34.181556 1460
    263 1 15 34.179467 1 15 34.182679 1460
    264 1 15 34.182293 1 15 34.186822 1460
    265 1 15 34.185133 1 15 34.190030 1460
    266 1 15 34.187941 1 15 34.190983 1460
    267 1 15 34.190769 1 15 34.195101 1460
    268 1 15 34.193592 1 15 34.198509 1460
    269 1 15 34.196415 1 15 34.199272 1460
    270 1 15 34.199236 1 15 34.203409 1460
    271 1 15 34.202075 1 15 34.206991 1460
    272 1 15 34.204900 1 15 34.207537 1460
    273 1 15 34.207678 1 15 34.211674 1460
    274 1 15 34.210541 1 15 34.215460 1460
    275 1 15 34.213369 1 15 34.215803 1460
    276 1 15 34.216194 1 15 34.219929 1460
    277 1 15 34.219005 1 15 34.223939 1460
    278 1 15 34.221842 1 15 34.224102 1460
    279 1 15 34.224665 1 15 34.228288 1460
    280 1 15 34.227488 1 15 34.232435 1460
    281 1 15 34.230314 1 15 34.232443 1460
    282 1 15 34.233147 1 15 34.236556 1460
    283 1 15 34.235965 1 15 34.240724 1460
    284 1 15 34.238790 1 15 34.243706 1460
    285 1 15 34.241616 1 15 34.244867 1460
    286 1 15 34.244439 1 15 34.249037 1460
    287 1 15 34.247264 1 15 34.252166 1460
    288 1 15 34.250064 1 15 34.253211 1460
    289 1 15 34.252921 1 15 34.257359 1460
    290 1 15 34.255738 1 15 34.260882 1460
    291 1 15 34.258561 1 15 34.261493 1460
    292 1 15 34.261397 1 15 34.265630 1460
    293 1 15 34.264215 1 15 34.269120 1460
    294 1 15 34.267045 1 15 34.269767 1460
    295 1 15 34.269865 1 15 34.273924 1460
    296 1 15 34.273080 1 15 34.277605 1460
    297 1 15 34.275509 1 15 34.278072 1460
    298 1 15 34.278340 1 15 34.282226 1460
    299 1 15 34.281167 1 15 34.286078 1460
    300 1 15 34.283985 1 15 34.286351 1460
    301 1 15 34.243605 1 15 34.246927 1460
    302 1 15 34.246431 1 15 34.252378 1460
    303 1 15 34.249263 1 15 34.255200 1460
    304 1 15 34.252079 1 15 34.257607 1460
    305 1 15 34.254907 1 15 34.260860 1460
    306 1 15 34.257731 1 15 34.263677 1460
    307 1 15 34.260554 1 15 34.263947 1460
    308 1 15 34.263381 1 15 34.269323 1460
    309 1 15 34.266204 1 15 34.270166 1460
    310 1 15 34.269030 1 15 34.274962 1460
    311 1 15 34.271832 1 15 34.276347 1460
    312 1 15 34.274678 1 15 34.280619 1460
    313 1 15 34.277503 1 15 34.282533 1460
    314 1 15 34.280330 1 15 34.286279 1460
    315 1 15 34.283152 1 15 34.288806 1460
    316 1 15 34.285981 1 15 34.291933 1460
    317 1 15 34.288817 1 15 34.294738 1460
    318 1 15 34.291629 1 15 34.295237 1460
    319 1 15 34.294454 1 15 34.300404 1460
    320 1 15 34.297299 1 15 34.301451 1460
    321 1 15 34.300102 1 15 34.306041 1460
    322 1 15 34.302931 1 15 34.307656 1460
    323 1 15 34.305754 1 15 34.311689 1460
    324 1 15 34.308577 1 15 34.313828 1460
    325 1 15 34.311405 1 15 34.317396 1460
    326 1 15 34.314261 1 15 34.320019 1460
    327 1 15 34.317055 1 15 34.322996 1460
    328 1 15 34.319879 1 15 34.325814 1460
    329 1 15 34.322705 1 15 34.326200 1460
    330 1 15 34.325529 1 15 34.331463 1460
    331 1 15 34.328350 1 15 34.332388 1460
    332 1 15 34.331175 1 15 34.337096 1460
    333 1 15 34.333956 1 15 34.338580 1460
    334 1 15 34.336824 1 15 34.342708 1460
    335 1 15 34.339607 1 15 34.344771 1460
    336 1 15 34.342477 1 15 34.348537 1460
    337 1 15 34.345387 1 15 34.350999 1460
    338 1 15 34.348129 1 15 34.354128 1460
    339 1 15 34.351010 1 15 34.356861 1460
    340 1 15 34.353738 1 15 34.357222 1460
    341 1 15 34.356614 1 15 34.362547 1460
    342 1 15 34.359425 1 15 34.363393 1460
    343 1 15 34.362250 1 15 34.368195 1460
    344 1 15 34.365074 1 15 34.369619 1460
    345 1 15 34.367902 1 15 34.373834 1460
    346 1 15 34.370724 1 15 34.375802 1460
    347 1 15 34.373551 1 15 34.379486 1460
    348 1 15 34.376373 1 15 34.381987 1460
    349 1 15 34.379201 1 15 34.385140 1460
    350 1 15 34.381998 1 15 34.387968 1460
    301 1 15 34.286813 1 15 34.290495 1460
    302 1 15 34.289606 1 15 34.294572 1460
    303 1 15 34.292467 1 15 34.294612 1460
    304 1 15 34.295288 1 15 34.298735 1460
    305 1 15 34.298116 1 15 34.302878 1460
    306 1 15 34.300941 1 15 34.305849 1460
    307 1 15 34.303761 1 15 34.307006 1460
    308 1 15 34.306595 1 15 34.311154 1460
    309 1 15 34.309413 1 15 34.314297 1460
    310 1 15 34.312185 1 15 34.315334 1460
    311 1 15 34.315060 1 15 34.319462 1460
    312 1 15 34.317889 1 15 34.322802 1460
    313 1 15 34.320709 1 15 34.323619 1460
    314 1 15 34.323537 1 15 34.327759 1460
    315 1 15 34.326362 1 15 34.331279 1460
    316 1 15 34.329189 1 15 34.331885 1460
    317 1 15 34.332011 1 15 34.336027 1460
    318 1 15 34.334834 1 15 34.339751 1460
    319 1 15 34.337659 1 15 34.340192 1460
    320 1 15 34.340488 1 15 34.344347 1460
    321 1 15 34.343288 1 15 34.348252 1460
    322 1 15 34.346136 1 15 34.348559 1460
    323 1 15 34.348916 1 15 34.352710 1460
    324 1 15 34.351784 1 15 34.356710 1460
    325 1 15 34.354612 1 15 34.356883 1460
    326 1 15 34.357436 1 15 34.361046 1460
    327 1 15 34.360255 1 15 34.365200 1460
    328 1 15 34.363107 1 15 34.368004 1460
    329 1 15 34.365907 1 15 34.369332 1460
    330 1 15 34.368732 1 15 34.373468 1460
    331 1 15 34.371558 1 15 34.376477 1460
    332 1 15 34.374384 1 15 34.377606 1460
    333 1 15 34.377214 1 15 34.381735 1460
    334 1 15 34.380037 1 15 34.384959 1460
    335 1 15 34.382855 1 15 34.385890 1460
    336 1 15 34.385683 1 15 34.390073 1460
    337 1 15 34.388509 1 15 34.393419 1460
    338 1 15 34.391330 1 15 34.394213 1460
    339 1 15 34.394176 1 15 34.398344 1460
    340 1 15 34.396985 1 15 34.401929 1460
    341 1 15 34.399805 1 15 34.402478 1460
    342 1 15 34.402631 1 15 34.406605 1460
    343 1 15 34.405456 1 15 34.410370 1460
    344 1 15 34.408281 1 15 34.410736 1460
    345 1 15 34.411107 1 15 34.414861 1460
    346 1 15 34.413930 1 15 34.418855 1460
    347 1 15 34.416755 1 15 34.419032 1460
    348 1 15 34.419578 1 15 34.423161 1460
    349 1 15 34.422404 1 15 34.427304 1460
    350 1 15 34.425237 1 15 34.430140 1460
    351 1 15 34.384827 1 15 34.388224 1460
    352 1 15 34.387680 1 15 34.393751 1460
    353 1 15 34.390498 1 15 34.396436 1460
    354 1 15 34.393323 1 15 34.398848 1460
    355 1 15 34.396152 1 15 34.402087 1460
    356 1 15 34.398975 1 15 34.404910 1460
    357 1 15 34.401797 1 15 34.405042 1460
    358 1 15 34.404623 1 15 34.410566 1460
    359 1 15 34.407448 1 15 34.411231 1460
    360 1 15 34.410272 1 15 34.416226 1460
    361 1 15 34.413102 1 15 34.417408 1460
    362 1 15 34.415897 1 15 34.421863 1460
    363 1 15 34.418745 1 15 34.423627 1460
    364 1 15 34.421540 1 15 34.427514 1460
    365 1 15 34.424393 1 15 34.429805 1460
    366 1 15 34.427230 1 15 34.433177 1460
    367 1 15 34.430052 1 15 34.436017 1460
    368 1 15 34.432872 1 15 34.438827 1460
    369 1 15 34.435699 1 15 34.438969 1460
    370 1 15 34.438526 1 15 34.444468 1460
    371 1 15 34.441353 1 15 34.445165 1460
    372 1 15 34.444170 1 15 34.450110 1460
    373 1 15 34.446995 1 15 34.451349 1460
    374 1 15 34.449827 1 15 34.455764 1460
    375 1 15 34.452651 1 15 34.457551 1460
    376 1 15 34.455460 1 15 34.461413 1460
    377 1 15 34.458306 1 15 34.463740 1460
    378 1 15 34.461210 1 15 34.467064 1460
    379 1 15 34.463948 1 15 34.469909 1460
    380 1 15 34.466773 1 15 34.469917 1460
    381 1 15 34.469596 1 15 34.475532 1460
    382 1 15 34.472419 1 15 34.476087 1460
    383 1 15 34.475253 1 15 34.481189 1460
    384 1 15 34.478068 1 15 34.482272 1460
    385 1 15 34.480893 1 15 34.486863 1460
    386 1 15 34.483747 1 15 34.488450 1460
    387 1 15 34.486544 1 15 34.492466 1460
    388 1 15 34.489333 1 15 34.494621 1460
    389 1 15 34.492195 1 15 34.498134 1460
    390 1 15 34.495021 1 15 34.500824 1460
    391 1 15 34.497844 1 15 34.503784 1460
    392 1 15 34.500667 1 15 34.506605 1460
    393 1 15 34.503494 1 15 34.507007 1460
    394 1 15 34.506320 1 15 34.512264 1460
    395 1 15 34.509146 1 15 34.513210 1460
    396 1 15 34.511969 1 15 34.517905 1460
    397 1 15 34.514791 1 15 34.519452 1460
    398 1 15 34.517617 1 15 34.523611 1460
    399 1 15 34.520442 1 15 34.525689 1460
    400 1 15 34.523277 1 15 34.529223 1460
    351 1 15 34.428054 1 15 34.431438 1460
    352 1 15 34.430835 1 15 34.435583 1460
    353 1 15 34.433703 1 15 34.438625 1460
    354 1 15 34.436531 1 15 34.439708 1460
    355 1 15 34.439357 1 15 34.443835 1460
    356 1 15 34.442179 1 15 34.447127 1460
    357 1 15 34.445006 1 15 34.447966 1460
    358 1 15 34.447828 1 15 34.452101 1460
    359 1 15 34.450653 1 15 34.455568 1460
    360 1 15 34.453477 1 15 34.456237 1460
    361 1 15 34.456305 1 15 34.460377 1460
    362 1 15 34.459127 1 15 34.464058 1460
    363 1 15 34.461951 1 15 34.464528 1460
    364 1 15 34.464773 1 15 34.468674 1460
    365 1 15 34.467615 1 15 34.472526 1460
    366 1 15 34.470430 1 15 34.472796 1460
    367 1 15 34.473260 1 15 34.476928 1460
    368 1 15 34.476097 1 15 34.481045 1460
    369 1 15 34.478903 1 15 34.481060 1460
    370 1 15 34.481726 1 15 34.485202 1460
    371 1 15 34.484551 1 15 34.489369 1460
    372 1 15 34.487378 1 15 34.492289 1460
    373 1 15 34.490201 1 15 34.493505 1460
    374 1 15 34.493035 1 15 34.497641 1460
    375 1 15 34.495851 1 15 34.500801 1460
    376 1 15 34.498674 1 15 34.501815 1460
    377 1 15 34.501505 1 15 34.505963 1460
    378 1 15 34.504327 1 15 34.509244 1460
    379 1 15 34.507151 1 15 34.510111 1460
    380 1 15 34.509979 1 15 34.514252 1460
    381 1 15 34.512804 1 15 34.517718 1460
    382 1 15 34.515627 1 15 34.518405 1460
    383 1 15 34.518452 1 15 34.522567 1460
    384 1 15 34.521279 1 15 34.526220 1460
    385 1 15 34.524109 1 15 34.526755 1460
    386 1 15 34.526927 1 15 34.530886 1460
    387 1 15 34.529755 1 15 34.534671 1460
    388 1 15 34.532573 1 15 34.535063 1460
    389 1 15 34.535406 1 15 34.539189 1460
    390 1 15 34.538223 1 15 34.543159 1460
    391 1 15 34.541068 1 15 34.543363 1460
    392 1 15 34.543875 1 15 34.547494 1460
    393 1 15 34.546698 1 15 34.551613 1460
    394 1 15 34.549545 1 15 34.554445 1460
    395 1 15 34.552351 1 15 34.555745 1460
    396 1 15 34.555185 1 15 34.559885 1460
    397 1 15 34.558002 1 15 34.562910 1460
    398 1 15 34.560822 1 15 34.564014 1460
    399 1 15 34.563648 1 15 34.568151 1460
    400 1 15 34.566473 1 15 34.571398 1460
    401 1 15 34.526096 1 15 34.531866 1460
    402 1 15 34.528919 1 15 34.534852 1460
    403 1 15 34.531742 1 15 34.537674 1460
    404 1 15 34.534568 1 15 34.540120 1460
    405 1 15 34.537394 1 15 34.543343 1460
    406 1 15 34.540219 1 15 34.546154 1460
    407 1 15 34.543041 1 15 34.546311 1460
    408 1 15 34.545867 1 15 34.551817 1460
    409 1 15 34.548690 1 15 34.552503 1460
    410 1 15 34.551456 1 15 34.557459 1460
    411 1 15 34.554346 1 15 34.558691 1460
    412 1 15 34.557175 1 15 34.563104 1460
    413 1 15 34.559992 1 15 34.564895 1460
    414 1 15 34.562806 1 15 34.568764 1460
    415 1 15 34.565640 1 15 34.571078 1460
    416 1 15 34.568468 1 15 34.574387 1460
    417 1 15 34.571266 1 15 34.577246 1460
    418 1 15 34.574115 1 15 34.580072 1460
    419 1 15 34.576940 1 15 34.580216 1460
    420 1 15 34.579762 1 15 34.585726 1460
    421 1 15 34.582588 1 15 34.586419 1460
    422 1 15 34.585371 1 15 34.591365 1460
    423 1 15 34.588245 1 15 34.592609 1460
    424 1 15 34.591065 1 15 34.597039 1460
    425 1 15 34.593896 1 15 34.598903 1460
    426 1 15 34.596719 1 15 34.602660 1460
    427 1 15 34.599542 1 15 34.605096 1460
    428 1 15 34.602362 1 15 34.608302 1460
    429 1 15 34.605190 1 15 34.611148 1460
    430 1 15 34.608021 1 15 34.611285 1460
    431 1 15 34.610838 1 15 34.616813 1460
    432 1 15 34.613667 1 15 34.617539 1460
    433 1 15 34.616489 1 15 34.622427 1460
    434 1 15 34.619312 1 15 34.623727 1460
    435 1 15 34.622140 1 15 34.628086 1460
    436 1 15 34.624965 1 15 34.629933 1460
    437 1 15 34.627789 1 15 34.633729 1460
    438 1 15 34.630614 1 15 34.636124 1460
    439 1 15 34.633437 1 15 34.639380 1460
    440 1 15 34.636263 1 15 34.642220 1460
    441 1 15 34.639094 1 15 34.642293 1460
    442 1 15 34.641911 1 15 34.647879 1460
    443 1 15 34.644753 1 15 34.648488 1460
    444 1 15 34.647559 1 15 34.653508 1460
    445 1 15 34.650393 1 15 34.654667 1460
    446 1 15 34.653215 1 15 34.659154 1460
    447 1 15 34.656036 1 15 34.660843 1460
    448 1 15 34.658859 1 15 34.664808 1460
    449 1 15 34.661687 1 15 34.667033 1460
    450 1 15 34.664509 1 15 34.670462 1460
    401 1 15 34.569299 1 15 34.572315 1460
    402 1 15 34.572108 1 15 34.576444 1460
    403 1 15 34.574947 1 15 34.579869 1460
    404 1 15 34.577776 1 15 34.580589 1460
    405 1 15 34.580554 1 15 34.584735 1460
    406 1 15 34.583423 1 15 34.588349 1460
    407 1 15 34.586249 1 15 34.588855 1460
    408 1 15 34.589075 1 15 34.592990 1460
    409 1 15 34.591897 1 15 34.596812 1460
    410 1 15 34.594720 1 15 34.597116 1460
    411 1 15 34.597549 1 15 34.601253 1460
    412 1 15 34.600375 1 15 34.605294 1460
    413 1 15 34.603195 1 15 34.605387 1460
    414 1 15 34.606020 1 15 34.609516 1460
    415 1 15 34.608849 1 15 34.613745 1460
    416 1 15 34.611671 1 15 34.616593 1460
    417 1 15 34.614502 1 15 34.617854 1460
    418 1 15 34.617323 1 15 34.621999 1460
    419 1 15 34.620147 1 15 34.625069 1460
    420 1 15 34.622970 1 15 34.626140 1460
    421 1 15 34.625782 1 15 34.630285 1460
    422 1 15 34.628622 1 15 34.633536 1460
    423 1 15 34.631444 1 15 34.634417 1460
    424 1 15 34.634269 1 15 34.638556 1460
    425 1 15 34.637098 1 15 34.642010 1460
    426 1 15 34.639918 1 15 34.642684 1460
    427 1 15 34.642744 1 15 34.646841 1460
    428 1 15 34.645570 1 15 34.650503 1460
    429 1 15 34.648404 1 15 34.650970 1460
    430 1 15 34.651221 1 15 34.655129 1460
    431 1 15 34.654043 1 15 34.658960 1460
    432 1 15 34.656871 1 15 34.659238 1460
    433 1 15 34.659694 1 15 34.663362 1460
    434 1 15 34.662517 1 15 34.667445 1460
    435 1 15 34.665345 1 15 34.667484 1460
    436 1 15 34.668166 1 15 34.671613 1460
    437 1 15 34.670994 1 15 34.675761 1460
    438 1 15 34.673817 1 15 34.678747 1460
    439 1 15 34.676648 1 15 34.679904 1460
    440 1 15 34.679465 1 15 34.684041 1460
    441 1 15 34.682291 1 15 34.687182 1460
    442 1 15 34.685082 1 15 34.688231 1460
    443 1 15 34.687941 1 15 34.692349 1460
    444 1 15 34.690767 1 15 34.695683 1460
    445 1 15 34.693592 1 15 34.696485 1460
    446 1 15 34.696416 1 15 34.700620 1460
    447 1 15 34.699241 1 15 34.704157 1460
    448 1 15 34.702064 1 15 34.704748 1460
    449 1 15 34.704895 1 15 34.708880 1460
    450 1 15 34.707715 1 15 34.712637 1460
    451 1 15 34.667338 1 15 34.673231 1460
    452 1 15 34.670124 1 15 34.676091 1460
    453 1 15 34.672986 1 15 34.678930 1460
    454 1 15 34.675820 1 15 34.681376 1460
    455 1 15 34.678635 1 15 34.684575 1460
    456 1 15 34.681462 1 15 34.687432 1460
    457 1 15 34.684286 1 15 34.687561 1460
    458 1 15 34.687108 1 15 34.693053 1460
    459 1 15 34.689934 1 15 34.693759 1460
    460 1 15 34.692709 1 15 34.698698 1460
    461 1 15 34.695582 1 15 34.699947 1460
    462 1 15 34.698408 1 15 34.704349 1460
    463 1 15 34.701233 1 15 34.706147 1460
    464 1 15 34.704058 1 15 34.710008 1460
    465 1 15 34.706882 1 15 34.712325 1460
    466 1 15 34.709710 1 15 34.715654 1460
    467 1 15 34.712538 1 15 34.718485 1460
    468 1 15 34.715361 1 15 34.721319 1460
    469 1 15 34.718193 1 15 34.721468 1460
    470 1 15 34.721030 1 15 34.726950 1460
    471 1 15 34.723829 1 15 34.727656 1460
    472 1 15 34.726607 1 15 34.733060 1460
    473 1 15 34.729483 1 15 34.737076 1460
    474 1 15 34.737127 1 15 34.740237 1460
    475 1 15 34.737141 1 15 34.741444 1460
    476 1 15 34.737963 1 15 34.743248 1460
    477 1 15 34.740779 1 15 34.746734 1460
    478 1 15 34.743617 1 15 34.749445 1460
    479 1 15 34.746434 1 15 34.752389 1460
    480 1 15 34.749265 1 15 34.755203 1460
