      1 10 14 26.000151 10 14 26.000151 1472
      2 10 14 26.001284 10 14 26.001284 1472
      3 10 14 26.002341 10 14 26.002341 1472
      4 10 14 26.003384 10 14 26.003384 1472
      5 10 14 26.004442 10 14 26.004442 1472
      6 10 14 26.005506 10 14 26.005506 1472
      7 10 14 26.006510 10 14 26.006510 1472
      8 10 14 26.007581 10 14 26.007581 1472
      9 10 14 26.008583 10 14 26.008583 1472
     10 10 14 26.009626 10 14 26.009626 1472
     11 10 14 26.010667 10 14 26.010667 1472
     12 10 14 26.011713 10 14 26.011713 1472
     13 10 14 26.012775 10 14 26.012775 1472
     14 10 14 26.013802 10 14 26.013802 1472
     15 10 14 26.014835 10 14 26.014835 1472
     16 10 14 26.015888 10 14 26.015888 1472
     17 10 14 26.016901 10 14 26.016901 1472
     18 10 14 26.017980 10 14 26.017980 1472
     19 10 14 26.019028 10 14 26.019028 1472
     20 10 14 26.020063 10 14 26.020063 1472
     21 10 14 26.021108 10 14 26.021108 1472
     22 10 14 26.022147 10 14 26.022147 1472
     23 10 14 26.023194 10 14 26.023194 1472
     24 10 14 26.024218 10 14 26.024218 1472
     25 10 14 26.025286 10 14 26.025286 1472
     26 10 14 26.026326 10 14 26.026326 1472
     27 10 14 26.027370 10 14 26.027370 1472
     28 10 14 26.028413 10 14 26.028413 1472
     29 10 14 26.029443 10 14 26.029443 1472
     30 10 14 26.030501 10 14 26.030501 1472
     31 10 14 26.031497 10 14 26.031497 1472
     32 10 14 26.032592 10 14 26.032592 1472
     33 10 14 26.033632 10 14 26.033632 1472
     34 10 14 26.034675 10 14 26.034675 1472
     35 10 14 26.035720 10 14 26.035720 1472
     36 10 14 26.036739 10 14 26.036739 1472
     37 10 14 26.037807 10 14 26.037807 1472
     38 10 14 26.038876 10 14 26.038876 1472
     39 10 14 26.039895 10 14 26.039895 1472
     40 10 14 26.040942 10 14 26.040942 1472
     41 10 14 26.041982 10 14 26.041982 1472
     42 10 14 26.043026 10 14 26.043026 1472
     43 10 14 26.044035 10 14 26.044035 1472
     44 10 14 26.045138 10 14 26.045138 1472
     45 10 14 26.046165 10 14 26.046165 1472
     46 10 14 26.047204 10 14 26.047204 1472
     47 10 14 26.048252 10 14 26.048252 1472
     48 10 14 26.049291 10 14 26.049291 1472
     49 10 14 26.050333 10 14 26.050333 1472
     50 10 14 26.051330 10 14 26.051330 1472
      1 10 14 26.012149 10 14 26.012149 1472
      2 10 14 26.013279 10 14 26.013279 1472
      3 10 14 26.014327 10 14 26.014327 1472
      4 10 14 26.015367 10 14 26.015367 1472
      5 10 14 26.016422 10 14 26.016422 1472
      6 10 14 26.017475 10 14 26.017475 1472
      7 10 14 26.018530 10 14 26.018530 1472
      8 10 14 26.019552 10 14 26.019552 1472
      9 10 14 26.020640 10 14 26.020640 1472
     10 10 14 26.021625 10 14 26.021625 1472
     11 10 14 26.022664 10 14 26.022664 1472
     12 10 14 26.023710 10 14 26.023710 1472
     13 10 14 26.024757 10 14 26.024757 1472
     14 10 14 26.025795 10 14 26.025795 1472
     15 10 14 26.026841 10 14 26.026841 1472
     16 10 14 26.027913 10 14 26.027913 1472
     17 10 14 26.028931 10 14 26.028931 1472
     18 10 14 26.029972 10 14 26.029972 1472
     19 10 14 26.031020 10 14 26.031020 1472
     20 10 14 26.032060 10 14 26.032060 1472
     21 10 14 26.033090 10 14 26.033090 1472
     22 10 14 26.034151 10 14 26.034151 1472
     23 10 14 26.035146 10 14 26.035146 1472
     24 10 14 26.036238 10 14 26.036238 1472
     25 10 14 26.037282 10 14 26.037282 1472
     26 10 14 26.038326 10 14 26.038326 1472
     27 10 14 26.039367 10 14 26.039367 1472
     28 10 14 26.040386 10 14 26.040386 1472
     29 10 14 26.041456 10 14 26.041456 1472
     30 10 14 26.042442 10 14 26.042442 1472
     31 10 14 26.043551 10 14 26.043551 1472
     32 10 14 26.044592 10 14 26.044592 1472
     33 10 14 26.045632 10 14 26.045632 1472
     34 10 14 26.046672 10 14 26.046672 1472
     35 10 14 26.047682 10 14 26.047682 1472
     36 10 14 26.048781 10 14 26.048781 1472
     37 10 14 26.049811 10 14 26.049811 1472
     38 10 14 26.050883 10 14 26.050883 1472
     39 10 14 26.051902 10 14 26.051902 1472
     40 10 14 26.052937 10 14 26.052937 1472
     41 10 14 26.053981 10 14 26.053981 1472
     42 10 14 26.054978 10 14 26.054978 1472
     43 10 14 26.056089 10 14 26.056089 1472
     44 10 14 26.057121 10 14 26.057121 1472
     45 10 14 26.058187 10 14 26.058187 1472
     46 10 14 26.059201 10 14 26.059201 1472
     47 10 14 26.060244 10 14 26.060244 1472
     48 10 14 26.061294 10 14 26.061294 1472
     49 10 14 26.062348 10 14 26.062348 1472
     50 10 14 26.063378 10 14 26.063378 1472
     51 10 14 26.052441 10 14 26.052441 1472
     52 10 14 26.053473 10 14 26.053473 1472
     53 10 14 26.054543 10 14 26.054543 1472
     54 10 14 26.055554 10 14 26.055554 1472
     55 10 14 26.056595 10 14 26.056595 1472
     56 10 14 26.057641 10 14 26.057641 1472
     57 10 14 26.058627 10 14 26.058627 1472
     58 10 14 26.059736 10 14 26.059736 1472
     59 10 14 26.060773 10 14 26.060773 1472
     60 10 14 26.061854 10 14 26.061854 1472
     61 10 14 26.062870 10 14 26.062870 1472
     62 10 14 26.063921 10 14 26.063921 1472
     63 10 14 26.064952 10 14 26.064952 1472
     64 10 14 26.066081 10 14 26.066081 1472
     65 10 14 26.067039 10 14 26.067039 1472
     66 10 14 26.068092 10 14 26.068092 1472
     67 10 14 26.069155 10 14 26.069155 1472
     68 10 14 26.070168 10 14 26.070168 1472
     69 10 14 26.071213 10 14 26.071213 1472
     70 10 14 26.072254 10 14 26.072254 1472
     71 10 14 26.073298 10 14 26.073298 1472
     72 10 14 26.074348 10 14 26.074348 1472
     73 10 14 26.075375 10 14 26.075375 1472
     74 10 14 26.076406 10 14 26.076406 1472
     75 10 14 26.077474 10 14 26.077474 1472
     76 10 14 26.078469 10 14 26.078469 1472
     77 10 14 26.079561 10 14 26.079561 1472
     78 10 14 26.080607 10 14 26.080607 1472
     79 10 14 26.081658 10 14 26.081658 1472
     80 10 14 26.082689 10 14 26.082689 1472
     81 10 14 26.083767 10 14 26.083767 1472
     82 10 14 26.084748 10 14 26.084748 1472
     83 10 14 26.085792 10 14 26.085792 1472
     84 10 14 26.086867 10 14 26.086867 1472
     85 10 14 26.087969 10 14 26.087969 1472
     86 10 14 26.088958 10 14 26.088958 1472
     87 10 14 26.090026 10 14 26.090026 1472
     88 10 14 26.091035 10 14 26.091035 1472
     89 10 14 26.092082 10 14 26.092082 1472
     90 10 14 26.093112 10 14 26.093112 1472
     91 10 14 26.094152 10 14 26.094152 1472
     92 10 14 26.095219 10 14 26.095219 1472
     93 10 14 26.096267 10 14 26.096267 1472
     94 10 14 26.097308 10 14 26.097308 1472
     95 10 14 26.098349 10 14 26.098349 1472
     96 10 14 26.099377 10 14 26.099377 1472
     97 10 14 26.100408 10 14 26.100408 1472
     98 10 14 26.101451 10 14 26.101451 1472
     99 10 14 26.102524 10 14 26.102524 1472
    100 10 14 26.103547 10 14 26.103547 1472
     51 10 14 26.064412 10 14 26.064412 1472
     52 10 14 26.065498 10 14 26.065498 1472
     53 10 14 26.066517 10 14 26.066517 1472
     54 10 14 26.067558 10 14 26.067558 1472
     55 10 14 26.068600 10 14 26.068600 1472
     56 10 14 26.069639 10 14 26.069639 1472
     57 10 14 26.070683 10 14 26.070683 1472
     58 10 14 26.071742 10 14 26.071742 1472
     59 10 14 26.072803 10 14 26.072803 1472
     60 10 14 26.073816 10 14 26.073816 1472
     61 10 14 26.074867 10 14 26.074867 1472
     62 10 14 26.075901 10 14 26.075901 1472
     63 10 14 26.076958 10 14 26.076958 1472
     64 10 14 26.077998 10 14 26.077998 1472
     65 10 14 26.079021 10 14 26.079021 1472
     66 10 14 26.080092 10 14 26.080092 1472
     67 10 14 26.081119 10 14 26.081119 1472
     68 10 14 26.082173 10 14 26.082173 1472
     69 10 14 26.083210 10 14 26.083210 1472
     70 10 14 26.084254 10 14 26.084254 1472
     71 10 14 26.085305 10 14 26.085305 1472
     72 10 14 26.086334 10 14 26.086334 1472
     73 10 14 26.087430 10 14 26.087430 1472
     74 10 14 26.088447 10 14 26.088447 1472
     75 10 14 26.089479 10 14 26.089479 1472
     76 10 14 26.090520 10 14 26.090520 1472
     77 10 14 26.091559 10 14 26.091559 1472
     78 10 14 26.092601 10 14 26.092601 1472
     79 10 14 26.093630 10 14 26.093630 1472
     80 10 14 26.094671 10 14 26.094671 1472
     81 10 14 26.095729 10 14 26.095729 1472
     82 10 14 26.096759 10 14 26.096759 1472
     83 10 14 26.097801 10 14 26.097801 1472
     84 10 14 26.098866 10 14 26.098866 1472
     85 10 14 26.099899 10 14 26.099899 1472
     86 10 14 26.100961 10 14 26.100961 1472
     87 10 14 26.101997 10 14 26.101997 1472
     88 10 14 26.103024 10 14 26.103024 1472
     89 10 14 26.104057 10 14 26.104057 1472
     90 10 14 26.105104 10 14 26.105104 1472
     91 10 14 26.106180 10 14 26.106180 1472
     92 10 14 26.107219 10 14 26.107219 1472
     93 10 14 26.108256 10 14 26.108256 1472
     94 10 14 26.109286 10 14 26.109286 1472
     95 10 14 26.110330 10 14 26.110330 1472
     96 10 14 26.111346 10 14 26.111346 1472
     97 10 14 26.112397 10 14 26.112397 1472
     98 10 14 26.113481 10 14 26.113481 1472
     99 10 14 26.114523 10 14 26.114523 1472
    100 10 14 26.115556 10 14 26.115556 1472
    101 10 14 26.104617 10 14 26.104617 1472
    102 10 14 26.105641 10 14 26.105641 1472
    103 10 14 26.106700 10 14 26.106700 1472
    104 10 14 26.107711 10 14 26.107711 1472
    105 10 14 26.108762 10 14 26.108762 1472
    106 10 14 26.109833 10 14 26.109833 1472
    107 10 14 26.110877 10 14 26.110877 1472
    108 10 14 26.111906 10 14 26.111906 1472
    109 10 14 26.112940 10 14 26.112940 1472
    110 10 14 26.113980 10 14 26.113980 1472
    111 10 14 26.114996 10 14 26.114996 1472
    112 10 14 26.116098 10 14 26.116098 1472
    113 10 14 26.117142 10 14 26.117142 1472
    114 10 14 26.118183 10 14 26.118183 1472
    115 10 14 26.119199 10 14 26.119199 1472
    116 10 14 26.120229 10 14 26.120229 1472
    117 10 14 26.121316 10 14 26.121316 1472
    118 10 14 26.122360 10 14 26.122360 1472
    119 10 14 26.123405 10 14 26.123405 1472
    120 10 14 26.124449 10 14 26.124449 1472
    121 10 14 26.125492 10 14 26.125492 1472
    122 10 14 26.126495 10 14 26.126495 1472
    123 10 14 26.127527 10 14 26.127527 1472
    124 10 14 26.128623 10 14 26.128623 1472
    125 10 14 26.129666 10 14 26.129666 1472
    126 10 14 26.130711 10 14 26.130711 1472
    127 10 14 26.131755 10 14 26.131755 1472
    128 10 14 26.132795 10 14 26.132795 1472
    129 10 14 26.133800 10 14 26.133800 1472
    130 10 14 26.134889 10 14 26.134889 1472
    131 10 14 26.135929 10 14 26.135929 1472
    132 10 14 26.136979 10 14 26.136979 1472
    133 10 14 26.138018 10 14 26.138018 1472
    134 10 14 26.139064 10 14 26.139064 1472
    135 10 14 26.140104 10 14 26.140104 1472
    136 10 14 26.141149 10 14 26.141149 1472
    137 10 14 26.142150 10 14 26.142150 1472
    138 10 14 26.143184 10 14 26.143184 1472
    139 10 14 26.144282 10 14 26.144282 1472
    140 10 14 26.145326 10 14 26.145326 1472
    141 10 14 26.146370 10 14 26.146370 1472
    142 10 14 26.147411 10 14 26.147411 1472
    143 10 14 26.148455 10 14 26.148455 1472
    144 10 14 26.149446 10 14 26.149446 1472
    145 10 14 26.150558 10 14 26.150558 1472
    146 10 14 26.151589 10 14 26.151589 1472
    147 10 14 26.152629 10 14 26.152629 1472
    148 10 14 26.153676 10 14 26.153676 1472
    149 10 14 26.154717 10 14 26.154717 1472
    150 10 14 26.155761 10 14 26.155761 1472
    101 10 14 26.116588 10 14 26.116588 1472
    102 10 14 26.117632 10 14 26.117632 1472
    103 10 14 26.118646 10 14 26.118646 1472
    104 10 14 26.119745 10 14 26.119745 1472
    105 10 14 26.120788 10 14 26.120788 1472
    106 10 14 26.121831 10 14 26.121831 1472
    107 10 14 26.122848 10 14 26.122848 1472
    108 10 14 26.123878 10 14 26.123878 1472
    109 10 14 26.124935 10 14 26.124935 1472
    110 10 14 26.126006 10 14 26.126006 1472
    111 10 14 26.127051 10 14 26.127051 1472
    112 10 14 26.128094 10 14 26.128094 1472
    113 10 14 26.129138 10 14 26.129138 1472
    114 10 14 26.130144 10 14 26.130144 1472
    115 10 14 26.131174 10 14 26.131174 1472
    116 10 14 26.132272 10 14 26.132272 1472
    117 10 14 26.133313 10 14 26.133313 1472
    118 10 14 26.134360 10 14 26.134360 1472
    119 10 14 26.135407 10 14 26.135407 1472
    120 10 14 26.136447 10 14 26.136447 1472
    121 10 14 26.137442 10 14 26.137442 1472
    122 10 14 26.138531 10 14 26.138531 1472
    123 10 14 26.139576 10 14 26.139576 1472
    124 10 14 26.140620 10 14 26.140620 1472
    125 10 14 26.141666 10 14 26.141666 1472
    126 10 14 26.142717 10 14 26.142717 1472
    127 10 14 26.143751 10 14 26.143751 1472
    128 10 14 26.144800 10 14 26.144800 1472
    129 10 14 26.145799 10 14 26.145799 1472
    130 10 14 26.146829 10 14 26.146829 1472
    131 10 14 26.147928 10 14 26.147928 1472
    132 10 14 26.148973 10 14 26.148973 1472
    133 10 14 26.150014 10 14 26.150014 1472
    134 10 14 26.151057 10 14 26.151057 1472
    135 10 14 26.152101 10 14 26.152101 1472
    136 10 14 26.153096 10 14 26.153096 1472
    137 10 14 26.154188 10 14 26.154188 1472
    138 10 14 26.155235 10 14 26.155235 1472
    139 10 14 26.156278 10 14 26.156278 1472
    140 10 14 26.157323 10 14 26.157323 1472
    141 10 14 26.158363 10 14 26.158363 1472
    142 10 14 26.159409 10 14 26.159409 1472
    143 10 14 26.160453 10 14 26.160453 1472
    144 10 14 26.161497 10 14 26.161497 1472
    145 10 14 26.162542 10 14 26.162542 1472
    146 10 14 26.163582 10 14 26.163582 1472
    147 10 14 26.164629 10 14 26.164629 1472
    148 10 14 26.165673 10 14 26.165673 1472
    149 10 14 26.166720 10 14 26.166720 1472
    150 10 14 26.167760 10 14 26.167760 1472
    151 10 14 26.156810 10 14 26.156810 1472
    152 10 14 26.157848 10 14 26.157848 1472
    153 10 14 26.158895 10 14 26.158895 1472
    154 10 14 26.159938 10 14 26.159938 1472
    155 10 14 26.160986 10 14 26.160986 1472
    156 10 14 26.162023 10 14 26.162023 1472
    157 10 14 26.163069 10 14 26.163069 1472
    158 10 14 26.164111 10 14 26.164111 1472
    159 10 14 26.165155 10 14 26.165155 1472
    160 10 14 26.166201 10 14 26.166201 1472
    161 10 14 26.167245 10 14 26.167245 1472
    162 10 14 26.168289 10 14 26.168289 1472
    163 10 14 26.169377 10 14 26.169377 1472
    164 10 14 26.170376 10 14 26.170376 1472
    165 10 14 26.171419 10 14 26.171419 1472
    166 10 14 26.172463 10 14 26.172463 1472
    167 10 14 26.173508 10 14 26.173508 1472
    168 10 14 26.174551 10 14 26.174551 1472
    169 10 14 26.175602 10 14 26.175602 1472
    170 10 14 26.176646 10 14 26.176646 1472
    171 10 14 26.177682 10 14 26.177682 1472
    172 10 14 26.178725 10 14 26.178725 1472
    173 10 14 26.179769 10 14 26.179769 1472
    174 10 14 26.180816 10 14 26.180816 1472
    175 10 14 26.181858 10 14 26.181858 1472
    176 10 14 26.182905 10 14 26.182905 1472
    177 10 14 26.183946 10 14 26.183946 1472
    178 10 14 26.184992 10 14 26.184992 1472
    179 10 14 26.186033 10 14 26.186033 1472
    180 10 14 26.187077 10 14 26.187077 1472
    181 10 14 26.188123 10 14 26.188123 1472
    182 10 14 26.189189 10 14 26.189189 1472
    183 10 14 26.190210 10 14 26.190210 1472
    184 10 14 26.191255 10 14 26.191255 1472
    185 10 14 26.192295 10 14 26.192295 1472
    186 10 14 26.193341 10 14 26.193341 1472
    187 10 14 26.194382 10 14 26.194382 1472
    188 10 14 26.195429 10 14 26.195429 1472
    189 10 14 26.196479 10 14 26.196479 1472
    190 10 14 26.197516 10 14 26.197516 1472
    191 10 14 26.198560 10 14 26.198560 1472
    192 10 14 26.199633 10 14 26.199633 1472
    193 10 14 26.200647 10 14 26.200647 1472
    194 10 14 26.201691 10 14 26.201691 1472
    195 10 14 26.202733 10 14 26.202733 1472
    196 10 14 26.203779 10 14 26.203779 1472
    197 10 14 26.204865 10 14 26.204865 1472
    198 10 14 26.205877 10 14 26.205877 1472
    199 10 14 26.206924 10 14 26.206924 1472
    200 10 14 26.207954 10 14 26.207954 1472
    151 10 14 26.168804 10 14 26.168804 1472
    152 10 14 26.169850 10 14 26.169850 1472
    153 10 14 26.170890 10 14 26.170890 1472
    154 10 14 26.171935 10 14 26.171935 1472
    155 10 14 26.173051 10 14 26.173051 1472
    156 10 14 26.174023 10 14 26.174023 1472
    157 10 14 26.175066 10 14 26.175066 1472
    158 10 14 26.176110 10 14 26.176110 1472
    159 10 14 26.177157 10 14 26.177157 1472
    160 10 14 26.178197 10 14 26.178197 1472
    161 10 14 26.179242 10 14 26.179242 1472
    162 10 14 26.180285 10 14 26.180285 1472
    163 10 14 26.181331 10 14 26.181331 1472
    164 10 14 26.182373 10 14 26.182373 1472
    165 10 14 26.183417 10 14 26.183417 1472
    166 10 14 26.184463 10 14 26.184463 1472
    167 10 14 26.185508 10 14 26.185508 1472
    168 10 14 26.186547 10 14 26.186547 1472
    169 10 14 26.187595 10 14 26.187595 1472
    170 10 14 26.188638 10 14 26.188638 1472
    171 10 14 26.189682 10 14 26.189682 1472
    172 10 14 26.190723 10 14 26.190723 1472
    173 10 14 26.191770 10 14 26.191770 1472
    174 10 14 26.192814 10 14 26.192814 1472
    175 10 14 26.193856 10 14 26.193856 1472
    176 10 14 26.194903 10 14 26.194903 1472
    177 10 14 26.195969 10 14 26.195969 1472
    178 10 14 26.196992 10 14 26.196992 1472
    179 10 14 26.198032 10 14 26.198032 1472
    180 10 14 26.199075 10 14 26.199075 1472
    181 10 14 26.200141 10 14 26.200141 1472
    182 10 14 26.201164 10 14 26.201164 1472
    183 10 14 26.202217 10 14 26.202217 1472
    184 10 14 26.203261 10 14 26.203261 1472
    185 10 14 26.204292 10 14 26.204292 1472
    186 10 14 26.205338 10 14 26.205338 1472
    187 10 14 26.206382 10 14 26.206382 1472
    188 10 14 26.207432 10 14 26.207432 1472
    189 10 14 26.208469 10 14 26.208469 1472
    190 10 14 26.209534 10 14 26.209534 1472
    191 10 14 26.210578 10 14 26.210578 1472
    192 10 14 26.211607 10 14 26.211607 1472
    193 10 14 26.212644 10 14 26.212644 1472
    194 10 14 26.213691 10 14 26.213691 1472
    195 10 14 26.214732 10 14 26.214732 1472
    196 10 14 26.215789 10 14 26.215789 1472
    197 10 14 26.216857 10 14 26.216857 1472
    198 10 14 26.217870 10 14 26.217870 1472
    199 10 14 26.218910 10 14 26.218910 1472
    200 10 14 26.219951 10 14 26.219951 1472
    201 10 14 26.209001 10 14 26.209001 1472
    202 10 14 26.210042 10 14 26.210042 1472
    203 10 14 26.211086 10 14 26.211086 1472
    204 10 14 26.212129 10 14 26.212129 1472
    205 10 14 26.213187 10 14 26.213187 1472
    206 10 14 26.214240 10 14 26.214240 1472
    207 10 14 26.215267 10 14 26.215267 1472
    208 10 14 26.216304 10 14 26.216304 1472
    209 10 14 26.217348 10 14 26.217348 1472
    210 10 14 26.218392 10 14 26.218392 1472
    211 10 14 26.219467 10 14 26.219467 1472
    212 10 14 26.220500 10 14 26.220500 1472
    213 10 14 26.221523 10 14 26.221523 1472
    214 10 14 26.222532 10 14 26.222532 1472
    215 10 14 26.223614 10 14 26.223614 1472
    216 10 14 26.224658 10 14 26.224658 1472
    217 10 14 26.225702 10 14 26.225702 1472
    218 10 14 26.226742 10 14 26.226742 1472
    219 10 14 26.227812 10 14 26.227812 1472
    220 10 14 26.228826 10 14 26.228826 1472
    221 10 14 26.229870 10 14 26.229870 1472
    222 10 14 26.230917 10 14 26.230917 1472
    223 10 14 26.231961 10 14 26.231961 1472
    224 10 14 26.233008 10 14 26.233008 1472
    225 10 14 26.234059 10 14 26.234059 1472
    226 10 14 26.235123 10 14 26.235123 1472
    227 10 14 26.236145 10 14 26.236145 1472
    228 10 14 26.237187 10 14 26.237187 1472
    229 10 14 26.238223 10 14 26.238223 1472
    230 10 14 26.239269 10 14 26.239269 1472
    231 10 14 26.240313 10 14 26.240313 1472
    232 10 14 26.241367 10 14 26.241367 1472
    233 10 14 26.242412 10 14 26.242412 1472
    234 10 14 26.243427 10 14 26.243427 1472
    235 10 14 26.244478 10 14 26.244478 1472
    236 10 14 26.245552 10 14 26.245552 1472
    237 10 14 26.246576 10 14 26.246576 1472
    238 10 14 26.247628 10 14 26.247628 1472
    239 10 14 26.248657 10 14 26.248657 1472
    240 10 14 26.249704 10 14 26.249704 1472
    241 10 14 26.250719 10 14 26.250719 1472
    242 10 14 26.251761 10 14 26.251761 1472
    243 10 14 26.252838 10 14 26.252838 1472
    244 10 14 26.253882 10 14 26.253882 1472
    245 10 14 26.254930 10 14 26.254930 1472
    246 10 14 26.255960 10 14 26.255960 1472
    247 10 14 26.257006 10 14 26.257006 1472
    248 10 14 26.258023 10 14 26.258023 1472
    249 10 14 26.259067 10 14 26.259067 1472
    250 10 14 26.260146 10 14 26.260146 1472
    201 10 14 26.220994 10 14 26.220994 1472
    202 10 14 26.222041 10 14 26.222041 1472
    203 10 14 26.223185 10 14 26.223185 1472
    204 10 14 26.224168 10 14 26.224168 1472
    205 10 14 26.225183 10 14 26.225183 1472
    206 10 14 26.226227 10 14 26.226227 1472
    207 10 14 26.227257 10 14 26.227257 1472
    208 10 14 26.228301 10 14 26.228301 1472
    209 10 14 26.229345 10 14 26.229345 1472
    210 10 14 26.230401 10 14 26.230401 1472
    211 10 14 26.231473 10 14 26.231473 1472
    212 10 14 26.232489 10 14 26.232489 1472
    213 10 14 26.233536 10 14 26.233536 1472
    214 10 14 26.234564 10 14 26.234564 1472
    215 10 14 26.235610 10 14 26.235610 1472
    216 10 14 26.236651 10 14 26.236651 1472
    217 10 14 26.237707 10 14 26.237707 1472
    218 10 14 26.238769 10 14 26.238769 1472
    219 10 14 26.239788 10 14 26.239788 1472
    220 10 14 26.240839 10 14 26.240839 1472
    221 10 14 26.241872 10 14 26.241872 1472
    222 10 14 26.242916 10 14 26.242916 1472
    223 10 14 26.243961 10 14 26.243961 1472
    224 10 14 26.245015 10 14 26.245015 1472
    225 10 14 26.246064 10 14 26.246064 1472
    226 10 14 26.247078 10 14 26.247078 1472
    227 10 14 26.248127 10 14 26.248127 1472
    228 10 14 26.249181 10 14 26.249181 1472
    229 10 14 26.250222 10 14 26.250222 1472
    230 10 14 26.251274 10 14 26.251274 1472
    231 10 14 26.252304 10 14 26.252304 1472
    232 10 14 26.253367 10 14 26.253367 1472
    233 10 14 26.254387 10 14 26.254387 1472
    234 10 14 26.255431 10 14 26.255431 1472
    235 10 14 26.256485 10 14 26.256485 1472
    236 10 14 26.257532 10 14 26.257532 1472
    237 10 14 26.258579 10 14 26.258579 1472
    238 10 14 26.259612 10 14 26.259612 1472
    239 10 14 26.260659 10 14 26.260659 1472
    240 10 14 26.261672 10 14 26.261672 1472
    241 10 14 26.262727 10 14 26.262727 1472
    242 10 14 26.263792 10 14 26.263792 1472
    243 10 14 26.264839 10 14 26.264839 1472
    244 10 14 26.265875 10 14 26.265875 1472
    245 10 14 26.266905 10 14 26.266905 1472
    246 10 14 26.267951 10 14 26.267951 1472
    247 10 14 26.268968 10 14 26.268968 1472
    248 10 14 26.270057 10 14 26.270057 1472
    249 10 14 26.271100 10 14 26.271100 1472
    250 10 14 26.272144 10 14 26.272144 1472
    251 10 14 26.261192 10 14 26.261192 1472
    252 10 14 26.262232 10 14 26.262232 1472
    253 10 14 26.263262 10 14 26.263262 1472
    254 10 14 26.264309 10 14 26.264309 1472
    255 10 14 26.265329 10 14 26.265329 1472
    256 10 14 26.266380 10 14 26.266380 1472
    257 10 14 26.267452 10 14 26.267452 1472
    258 10 14 26.268495 10 14 26.268495 1472
    259 10 14 26.269521 10 14 26.269521 1472
    260 10 14 26.270554 10 14 26.270554 1472
    261 10 14 26.271603 10 14 26.271603 1472
    262 10 14 26.272683 10 14 26.272683 1472
    263 10 14 26.273717 10 14 26.273717 1472
    264 10 14 26.274760 10 14 26.274760 1472
    265 10 14 26.275804 10 14 26.275804 1472
    266 10 14 26.276817 10 14 26.276817 1472
    267 10 14 26.277892 10 14 26.277892 1472
    268 10 14 26.278884 10 14 26.278884 1472
    269 10 14 26.279979 10 14 26.279979 1472
    270 10 14 26.281027 10 14 26.281027 1472
    271 10 14 26.282070 10 14 26.282070 1472
    272 10 14 26.283111 10 14 26.283111 1472
    273 10 14 26.284154 10 14 26.284154 1472
    274 10 14 26.285177 10 14 26.285177 1472
    275 10 14 26.286207 10 14 26.286207 1472
    276 10 14 26.287254 10 14 26.287254 1472
    277 10 14 26.288329 10 14 26.288329 1472
    278 10 14 26.289376 10 14 26.289376 1472
    279 10 14 26.290416 10 14 26.290416 1472
    280 10 14 26.291460 10 14 26.291460 1472
    281 10 14 26.292479 10 14 26.292479 1472
    282 10 14 26.293551 10 14 26.293551 1472
    283 10 14 26.294540 10 14 26.294540 1472
    284 10 14 26.295638 10 14 26.295638 1472
    285 10 14 26.296680 10 14 26.296680 1472
    286 10 14 26.297726 10 14 26.297726 1472
    287 10 14 26.298767 10 14 26.298767 1472
    288 10 14 26.299770 10 14 26.299770 1472
    289 10 14 26.300855 10 14 26.300855 1472
    290 10 14 26.301901 10 14 26.301901 1472
    291 10 14 26.302893 10 14 26.302893 1472
    292 10 14 26.303985 10 14 26.303985 1472
    293 10 14 26.305036 10 14 26.305036 1472
    294 10 14 26.306074 10 14 26.306074 1472
    295 10 14 26.307119 10 14 26.307119 1472
    296 10 14 26.308125 10 14 26.308125 1472
    297 10 14 26.309153 10 14 26.309153 1472
    298 10 14 26.310251 10 14 26.310251 1472
    299 10 14 26.311292 10 14 26.311292 1472
    300 10 14 26.312341 10 14 26.312341 1472
    251 10 14 26.273174 10 14 26.273174 1472
    252 10 14 26.274236 10 14 26.274236 1472
    253 10 14 26.275234 10 14 26.275234 1472
    254 10 14 26.276319 10 14 26.276319 1472
    255 10 14 26.277364 10 14 26.277364 1472
    256 10 14 26.278414 10 14 26.278414 1472
    257 10 14 26.279451 10 14 26.279451 1472
    258 10 14 26.280495 10 14 26.280495 1472
    259 10 14 26.281528 10 14 26.281528 1472
    260 10 14 26.282558 10 14 26.282558 1472
    261 10 14 26.283602 10 14 26.283602 1472
    262 10 14 26.284617 10 14 26.284617 1472
    263 10 14 26.285714 10 14 26.285714 1472
    264 10 14 26.286757 10 14 26.286757 1472
    265 10 14 26.287801 10 14 26.287801 1472
    266 10 14 26.288834 10 14 26.288834 1472
    267 10 14 26.289853 10 14 26.289853 1472
    268 10 14 26.290904 10 14 26.290904 1472
    269 10 14 26.291982 10 14 26.291982 1472
    270 10 14 26.293023 10 14 26.293023 1472
    271 10 14 26.294063 10 14 26.294063 1472
    272 10 14 26.295107 10 14 26.295107 1472
    273 10 14 26.296122 10 14 26.296122 1472
    274 10 14 26.297197 10 14 26.297197 1472
    275 10 14 26.298241 10 14 26.298241 1472
    276 10 14 26.299247 10 14 26.299247 1472
    277 10 14 26.300277 10 14 26.300277 1472
    278 10 14 26.301373 10 14 26.301373 1472
    279 10 14 26.302420 10 14 26.302420 1472
    280 10 14 26.303460 10 14 26.303460 1472
    281 10 14 26.304476 10 14 26.304476 1472
    282 10 14 26.305516 10 14 26.305516 1472
    283 10 14 26.306557 10 14 26.306557 1472
    284 10 14 26.307632 10 14 26.307632 1472
    285 10 14 26.308679 10 14 26.308679 1472
    286 10 14 26.309722 10 14 26.309722 1472
    287 10 14 26.310766 10 14 26.310766 1472
    288 10 14 26.311773 10 14 26.311773 1472
    289 10 14 26.312805 10 14 26.312805 1472
    290 10 14 26.313900 10 14 26.313900 1472
    291 10 14 26.314941 10 14 26.314941 1472
    292 10 14 26.315988 10 14 26.315988 1472
    293 10 14 26.317029 10 14 26.317029 1472
    294 10 14 26.318072 10 14 26.318072 1472
    295 10 14 26.319071 10 14 26.319071 1472
    296 10 14 26.320160 10 14 26.320160 1472
    297 10 14 26.321207 10 14 26.321207 1472
    298 10 14 26.322247 10 14 26.322247 1472
    299 10 14 26.323294 10 14 26.323294 1472
    300 10 14 26.324336 10 14 26.324336 1472
    301 10 14 26.313383 10 14 26.313383 1472
    302 10 14 26.314426 10 14 26.314426 1472
    303 10 14 26.315421 10 14 26.315421 1472
    304 10 14 26.316511 10 14 26.316511 1472
    305 10 14 26.317558 10 14 26.317558 1472
    306 10 14 26.318600 10 14 26.318600 1472
    307 10 14 26.319646 10 14 26.319646 1472
    308 10 14 26.320688 10 14 26.320688 1472
    309 10 14 26.321732 10 14 26.321732 1472
    310 10 14 26.322776 10 14 26.322776 1472
    311 10 14 26.323820 10 14 26.323820 1472
    312 10 14 26.324867 10 14 26.324867 1472
    313 10 14 26.325907 10 14 26.325907 1472
    314 10 14 26.326954 10 14 26.326954 1472
    315 10 14 26.327995 10 14 26.327995 1472
    316 10 14 26.329041 10 14 26.329041 1472
    317 10 14 26.330082 10 14 26.330082 1472
    318 10 14 26.331127 10 14 26.331127 1472
    319 10 14 26.332173 10 14 26.332173 1472
    320 10 14 26.333216 10 14 26.333216 1472
    321 10 14 26.334260 10 14 26.334260 1472
    322 10 14 26.335308 10 14 26.335308 1472
    323 10 14 26.336348 10 14 26.336348 1472
    324 10 14 26.337391 10 14 26.337391 1472
    325 10 14 26.338435 10 14 26.338435 1472
    326 10 14 26.339479 10 14 26.339479 1472
    327 10 14 26.340520 10 14 26.340520 1472
    328 10 14 26.341567 10 14 26.341567 1472
    329 10 14 26.342607 10 14 26.342607 1472
    330 10 14 26.343652 10 14 26.343652 1472
    331 10 14 26.344697 10 14 26.344697 1472
    332 10 14 26.345739 10 14 26.345739 1472
    333 10 14 26.346789 10 14 26.346789 1472
    334 10 14 26.347829 10 14 26.347829 1472
    335 10 14 26.348904 10 14 26.348904 1472
    336 10 14 26.349938 10 14 26.349938 1472
    337 10 14 26.350965 10 14 26.350965 1472
    338 10 14 26.352002 10 14 26.352002 1472
    339 10 14 26.353048 10 14 26.353048 1472
    340 10 14 26.354092 10 14 26.354092 1472
    341 10 14 26.355136 10 14 26.355136 1472
    342 10 14 26.356180 10 14 26.356180 1472
    343 10 14 26.357254 10 14 26.357254 1472
    344 10 14 26.358266 10 14 26.358266 1472
    345 10 14 26.359311 10 14 26.359311 1472
    346 10 14 26.360354 10 14 26.360354 1472
    347 10 14 26.361398 10 14 26.361398 1472
    348 10 14 26.362442 10 14 26.362442 1472
    349 10 14 26.363486 10 14 26.363486 1472
    350 10 14 26.364532 10 14 26.364532 1472
    301 10 14 26.325379 10 14 26.325379 1472
    302 10 14 26.326367 10 14 26.326367 1472
    303 10 14 26.327469 10 14 26.327469 1472
    304 10 14 26.328513 10 14 26.328513 1472
    305 10 14 26.329554 10 14 26.329554 1472
    306 10 14 26.330601 10 14 26.330601 1472
    307 10 14 26.331641 10 14 26.331641 1472
    308 10 14 26.332688 10 14 26.332688 1472
    309 10 14 26.333729 10 14 26.333729 1472
    310 10 14 26.334775 10 14 26.334775 1472
    311 10 14 26.335819 10 14 26.335819 1472
    312 10 14 26.336866 10 14 26.336866 1472
    313 10 14 26.338022 10 14 26.338022 1472
    314 10 14 26.338951 10 14 26.338951 1472
    315 10 14 26.339994 10 14 26.339994 1472
    316 10 14 26.341038 10 14 26.341038 1472
    317 10 14 26.342081 10 14 26.342081 1472
    318 10 14 26.343126 10 14 26.343126 1472
    319 10 14 26.344167 10 14 26.344167 1472
    320 10 14 26.345214 10 14 26.345214 1472
    321 10 14 26.346257 10 14 26.346257 1472
    322 10 14 26.347303 10 14 26.347303 1472
    323 10 14 26.348344 10 14 26.348344 1472
    324 10 14 26.349388 10 14 26.349388 1472
    325 10 14 26.350432 10 14 26.350432 1472
    326 10 14 26.351476 10 14 26.351476 1472
    327 10 14 26.352522 10 14 26.352522 1472
    328 10 14 26.353590 10 14 26.353590 1472
    329 10 14 26.354607 10 14 26.354607 1472
    330 10 14 26.355654 10 14 26.355654 1472
    331 10 14 26.356698 10 14 26.356698 1472
    332 10 14 26.357738 10 14 26.357738 1472
    333 10 14 26.358785 10 14 26.358785 1472
    334 10 14 26.359832 10 14 26.359832 1472
    335 10 14 26.360873 10 14 26.360873 1472
    336 10 14 26.361909 10 14 26.361909 1472
    337 10 14 26.362957 10 14 26.362957 1472
    338 10 14 26.364001 10 14 26.364001 1472
    339 10 14 26.365047 10 14 26.365047 1472
    340 10 14 26.366091 10 14 26.366091 1472
    341 10 14 26.367136 10 14 26.367136 1472
    342 10 14 26.368186 10 14 26.368186 1472
    343 10 14 26.369222 10 14 26.369222 1472
    344 10 14 26.370266 10 14 26.370266 1472
    345 10 14 26.371307 10 14 26.371307 1472
    346 10 14 26.372353 10 14 26.372353 1472
    347 10 14 26.373398 10 14 26.373398 1472
    348 10 14 26.374441 10 14 26.374441 1472
    349 10 14 26.375492 10 14 26.375492 1472
    350 10 14 26.376546 10 14 26.376546 1472
    351 10 14 26.365598 10 14 26.365598 1472
    352 10 14 26.366617 10 14 26.366617 1472
    353 10 14 26.367661 10 14 26.367661 1472
    354 10 14 26.368704 10 14 26.368704 1472
    355 10 14 26.369751 10 14 26.369751 1472
    356 10 14 26.370795 10 14 26.370795 1472
    357 10 14 26.371846 10 14 26.371846 1472
    358 10 14 26.372893 10 14 26.372893 1472
    359 10 14 26.373923 10 14 26.373923 1472
    360 10 14 26.374969 10 14 26.374969 1472
    361 10 14 26.376013 10 14 26.376013 1472
    362 10 14 26.377075 10 14 26.377075 1472
    363 10 14 26.378115 10 14 26.378115 1472
    364 10 14 26.379144 10 14 26.379144 1472
    365 10 14 26.380227 10 14 26.380227 1472
    366 10 14 26.381256 10 14 26.381256 1472
    367 10 14 26.382274 10 14 26.382274 1472
    368 10 14 26.383317 10 14 26.383317 1472
    369 10 14 26.384373 10 14 26.384373 1472
    370 10 14 26.385414 10 14 26.385414 1472
    371 10 14 26.386451 10 14 26.386451 1472
    372 10 14 26.387506 10 14 26.387506 1472
    373 10 14 26.388556 10 14 26.388556 1472
    374 10 14 26.389583 10 14 26.389583 1472
    375 10 14 26.390629 10 14 26.390629 1472
    376 10 14 26.391669 10 14 26.391669 1472
    377 10 14 26.392714 10 14 26.392714 1472
    378 10 14 26.393757 10 14 26.393757 1472
    379 10 14 26.394812 10 14 26.394812 1472
    380 10 14 26.395855 10 14 26.395855 1472
    381 10 14 26.396892 10 14 26.396892 1472
    382 10 14 26.398005 10 14 26.398005 1472
    383 10 14 26.398977 10 14 26.398977 1472
    384 10 14 26.400027 10 14 26.400027 1472
    385 10 14 26.401092 10 14 26.401092 1472
    386 10 14 26.402112 10 14 26.402112 1472
    387 10 14 26.403162 10 14 26.403162 1472
    388 10 14 26.404196 10 14 26.404196 1472
    389 10 14 26.405239 10 14 26.405239 1472
    390 10 14 26.406283 10 14 26.406283 1472
    391 10 14 26.407337 10 14 26.407337 1472
    392 10 14 26.408383 10 14 26.408383 1472
    393 10 14 26.409397 10 14 26.409397 1472
    394 10 14 26.410447 10 14 26.410447 1472
    395 10 14 26.411502 10 14 26.411502 1472
    396 10 14 26.412545 10 14 26.412545 1472
    397 10 14 26.413599 10 14 26.413599 1472
    398 10 14 26.414629 10 14 26.414629 1472
    399 10 14 26.415694 10 14 26.415694 1472
    400 10 14 26.416713 10 14 26.416713 1472
    351 10 14 26.377572 10 14 26.377572 1472
    352 10 14 26.378616 10 14 26.378616 1472
    353 10 14 26.379660 10 14 26.379660 1472
    354 10 14 26.380704 10 14 26.380704 1472
    355 10 14 26.381768 10 14 26.381768 1472
    356 10 14 26.382791 10 14 26.382791 1472
    357 10 14 26.383845 10 14 26.383845 1472
    358 10 14 26.384892 10 14 26.384892 1472
    359 10 14 26.385922 10 14 26.385922 1472
    360 10 14 26.386966 10 14 26.386966 1472
    361 10 14 26.388021 10 14 26.388021 1472
    362 10 14 26.389065 10 14 26.389065 1472
    363 10 14 26.390097 10 14 26.390097 1472
    364 10 14 26.391152 10 14 26.391152 1472
    365 10 14 26.392193 10 14 26.392193 1472
    366 10 14 26.393231 10 14 26.393231 1472
    367 10 14 26.394275 10 14 26.394275 1472
    368 10 14 26.395323 10 14 26.395323 1472
    369 10 14 26.396364 10 14 26.396364 1472
    370 10 14 26.397418 10 14 26.397418 1472
    371 10 14 26.398451 10 14 26.398451 1472
    372 10 14 26.399501 10 14 26.399501 1472
    373 10 14 26.400535 10 14 26.400535 1472
    374 10 14 26.401579 10 14 26.401579 1472
    375 10 14 26.402622 10 14 26.402622 1472
    376 10 14 26.403677 10 14 26.403677 1472
    377 10 14 26.404738 10 14 26.404738 1472
    378 10 14 26.405757 10 14 26.405757 1472
    379 10 14 26.406808 10 14 26.406808 1472
    380 10 14 26.407845 10 14 26.407845 1472
    381 10 14 26.408888 10 14 26.408888 1472
    382 10 14 26.409931 10 14 26.409931 1472
    383 10 14 26.410985 10 14 26.410985 1472
    384 10 14 26.412030 10 14 26.412030 1472
    385 10 14 26.413043 10 14 26.413043 1472
    386 10 14 26.414093 10 14 26.414093 1472
    387 10 14 26.415151 10 14 26.415151 1472
    388 10 14 26.416194 10 14 26.416194 1472
    389 10 14 26.417246 10 14 26.417246 1472
    390 10 14 26.418275 10 14 26.418275 1472
    391 10 14 26.419367 10 14 26.419367 1472
    392 10 14 26.420394 10 14 26.420394 1472
    393 10 14 26.421399 10 14 26.421399 1472
    394 10 14 26.422457 10 14 26.422457 1472
    395 10 14 26.423507 10 14 26.423507 1472
    396 10 14 26.424544 10 14 26.424544 1472
    397 10 14 26.425589 10 14 26.425589 1472
    398 10 14 26.426642 10 14 26.426642 1472
    399 10 14 26.427689 10 14 26.427689 1472
    400 10 14 26.428701 10 14 26.428701 1472
    401 10 14 26.417768 10 14 26.417768 1472
    402 10 14 26.418811 10 14 26.418811 1472
    403 10 14 26.419854 10 14 26.419854 1472
    404 10 14 26.420905 10 14 26.420905 1472
    405 10 14 26.421941 10 14 26.421941 1472
    406 10 14 26.422971 10 14 26.422971 1472
    407 10 14 26.424005 10 14 26.424005 1472
    408 10 14 26.425057 10 14 26.425057 1472
    409 10 14 26.426118 10 14 26.426118 1472
    410 10 14 26.427160 10 14 26.427160 1472
    411 10 14 26.428204 10 14 26.428204 1472
    412 10 14 26.429255 10 14 26.429255 1472
    413 10 14 26.430277 10 14 26.430277 1472
    414 10 14 26.431322 10 14 26.431322 1472
    415 10 14 26.432379 10 14 26.432379 1472
    416 10 14 26.433375 10 14 26.433375 1472
    417 10 14 26.434467 10 14 26.434467 1472
    418 10 14 26.435515 10 14 26.435515 1472
    419 10 14 26.436564 10 14 26.436564 1472
    420 10 14 26.437590 10 14 26.437590 1472
    421 10 14 26.438635 10 14 26.438635 1472
    422 10 14 26.439648 10 14 26.439648 1472
    423 10 14 26.440699 10 14 26.440699 1472
    424 10 14 26.441773 10 14 26.441773 1472
    425 10 14 26.442817 10 14 26.442817 1472
    426 10 14 26.443856 10 14 26.443856 1472
    427 10 14 26.444888 10 14 26.444888 1472
    428 10 14 26.445930 10 14 26.445930 1472
    429 10 14 26.446944 10 14 26.446944 1472
    430 10 14 26.448039 10 14 26.448039 1472
    431 10 14 26.449083 10 14 26.449083 1472
    432 10 14 26.450124 10 14 26.450124 1472
    433 10 14 26.451150 10 14 26.451150 1472
    434 10 14 26.452180 10 14 26.452180 1472
    435 10 14 26.453226 10 14 26.453226 1472
    436 10 14 26.454298 10 14 26.454298 1472
    437 10 14 26.455345 10 14 26.455345 1472
    438 10 14 26.456386 10 14 26.456386 1472
    439 10 14 26.457430 10 14 26.457430 1472
    440 10 14 26.458446 10 14 26.458446 1472
    441 10 14 26.459476 10 14 26.459476 1472
    442 10 14 26.460566 10 14 26.460566 1472
    443 10 14 26.461605 10 14 26.461605 1472
    444 10 14 26.463519 10 14 26.463519 1472
    445 10 14 26.463702 10 14 26.463702 1472
    446 10 14 26.464742 10 14 26.464742 1472
    447 10 14 26.465744 10 14 26.465744 1472
    448 10 14 26.466774 10 14 26.466774 1472
    449 10 14 26.467870 10 14 26.467870 1472
    450 10 14 26.468913 10 14 26.468913 1472
    401 10 14 26.429767 10 14 26.429767 1472
    402 10 14 26.430807 10 14 26.430807 1472
    403 10 14 26.431851 10 14 26.431851 1472
    404 10 14 26.432908 10 14 26.432908 1472
    405 10 14 26.433923 10 14 26.433923 1472
    406 10 14 26.434961 10 14 26.434961 1472
    407 10 14 26.436026 10 14 26.436026 1472
    408 10 14 26.437073 10 14 26.437073 1472
    409 10 14 26.438114 10 14 26.438114 1472
    410 10 14 26.439157 10 14 26.439157 1472
    411 10 14 26.440207 10 14 26.440207 1472
    412 10 14 26.441237 10 14 26.441237 1472
    413 10 14 26.442282 10 14 26.442282 1472
    414 10 14 26.443297 10 14 26.443297 1472
    415 10 14 26.444347 10 14 26.444347 1472
    416 10 14 26.445422 10 14 26.445422 1472
    417 10 14 26.446466 10 14 26.446466 1472
    418 10 14 26.447503 10 14 26.447503 1472
    419 10 14 26.448533 10 14 26.448533 1472
    420 10 14 26.449578 10 14 26.449578 1472
    421 10 14 26.450593 10 14 26.450593 1472
    422 10 14 26.451686 10 14 26.451686 1472
    423 10 14 26.452729 10 14 26.452729 1472
    424 10 14 26.453772 10 14 26.453772 1472
    425 10 14 26.454806 10 14 26.454806 1472
    426 10 14 26.455835 10 14 26.455835 1472
    427 10 14 26.456897 10 14 26.456897 1472
    428 10 14 26.457893 10 14 26.457893 1472
    429 10 14 26.458994 10 14 26.458994 1472
    430 10 14 26.460036 10 14 26.460036 1472
    431 10 14 26.461079 10 14 26.461079 1472
    432 10 14 26.462095 10 14 26.462095 1472
    433 10 14 26.463494 10 14 26.463494 1472
    434 10 14 26.464179 10 14 26.464179 1472
    435 10 14 26.465257 10 14 26.465257 1472
    436 10 14 26.466300 10 14 26.466300 1472
    437 10 14 26.467341 10 14 26.467341 1472
    438 10 14 26.468386 10 14 26.468386 1472
