      1 10 14 26.000151 10 14 26.003992 1472
      2 10 14 26.001284 10 14 26.004473 1472
      3 10 14 26.002341 10 14 26.005486 1472
      4 10 14 26.003384 10 14 26.006557 1472
      5 10 14 26.004442 10 14 26.007573 1472
      6 10 14 26.005506 10 14 26.008659 1472
      7 10 14 26.006510 10 14 26.009875 1472
      8 10 14 26.007581 10 14 26.011092 1472
      9 10 14 26.008583 10 14 26.012312 1472
     10 10 14 26.009626 10 14 26.013528 1472
     11 10 14 26.010667 10 14 26.014745 1472
     12 10 14 26.011713 10 14 26.015948 1472
     13 10 14 26.012775 10 14 26.017179 1472
     14 10 14 26.013802 10 14 26.018384 1472
     15 10 14 26.014835 10 14 26.019604 1472
     16 10 14 26.015888 10 14 26.020820 1472
     17 10 14 26.016901 10 14 26.022034 1472
     18 10 14 26.017980 10 14 26.023246 1472
     19 10 14 26.019028 10 14 26.024470 1472
     20 10 14 26.020063 10 14 26.025681 1472
     21 10 14 26.021108 10 14 26.026896 1472
     22 10 14 26.022147 10 14 26.028114 1472
     23 10 14 26.023194 10 14 26.029326 1472
     24 10 14 26.024218 10 14 26.030552 1472
     25 10 14 26.025286 10 14 26.031760 1472
     26 10 14 26.026326 10 14 26.032980 1472
     27 10 14 26.027370 10 14 26.034203 1472
     28 10 14 26.028413 10 14 26.035409 1472
     29 10 14 26.029443 10 14 26.036623 1472
     30 10 14 26.030501 10 14 26.037859 1472
     31 10 14 26.031497 10 14 26.039059 1472
     32 10 14 26.032592 10 14 26.040272 1472
     33 10 14 26.033632 10 14 26.041505 1472
     34 10 14 26.034675 10 14 26.042705 1472
     35 10 14 26.035720 10 14 26.043919 1472
     36 10 14 26.036739 10 14 26.045130 1472
     37 10 14 26.037807 10 14 26.046354 1472
     38 10 14 26.038876 10 14 26.047568 1472
     39 10 14 26.039895 10 14 26.048774 1472
     40 10 14 26.040942 10 14 26.050003 1472
     41 10 14 26.041982 10 14 26.051214 1472
     42 10 14 26.043026 10 14 26.052431 1472
     43 10 14 26.044035 10 14 26.053651 1472
     44 10 14 26.045138 10 14 26.054866 1472
     45 10 14 26.046165 10 14 26.056080 1472
     46 10 14 26.047204 10 14 26.057300 1472
     47 10 14 26.048252 10 14 26.058512 1472
     48 10 14 26.049291 10 14 26.059727 1472
     49 10 14 26.050333 10 14 26.060952 1472
     50 10 14 26.051330 10 14 26.062160 1472
      1 10 14 26.012149 10 14 26.015819 1472
      2 10 14 26.013279 10 14 26.016452 1472
      3 10 14 26.014327 10 14 26.017465 1472
      4 10 14 26.015367 10 14 26.018499 1472
      5 10 14 26.016422 10 14 26.019614 1472
      6 10 14 26.017475 10 14 26.020610 1472
      7 10 14 26.018530 10 14 26.021708 1472
      8 10 14 26.019552 10 14 26.022925 1472
      9 10 14 26.020640 10 14 26.024146 1472
     10 10 14 26.021625 10 14 26.025355 1472
     11 10 14 26.022664 10 14 26.026579 1472
     12 10 14 26.023710 10 14 26.027789 1472
     13 10 14 26.024757 10 14 26.028998 1472
     14 10 14 26.025795 10 14 26.030219 1472
     15 10 14 26.026841 10 14 26.031435 1472
     16 10 14 26.027913 10 14 26.032650 1472
     17 10 14 26.028931 10 14 26.033867 1472
     18 10 14 26.029972 10 14 26.035084 1472
     19 10 14 26.031020 10 14 26.036294 1472
     20 10 14 26.032060 10 14 26.037517 1472
     21 10 14 26.033090 10 14 26.038733 1472
     22 10 14 26.034151 10 14 26.039949 1472
     23 10 14 26.035146 10 14 26.041166 1472
     24 10 14 26.036238 10 14 26.042387 1472
     25 10 14 26.037282 10 14 26.043601 1472
     26 10 14 26.038326 10 14 26.044813 1472
     27 10 14 26.039367 10 14 26.046029 1472
     28 10 14 26.040386 10 14 26.047256 1472
     29 10 14 26.041456 10 14 26.048459 1472
     30 10 14 26.042442 10 14 26.049676 1472
     31 10 14 26.043551 10 14 26.050907 1472
     32 10 14 26.044592 10 14 26.052112 1472
     33 10 14 26.045632 10 14 26.053325 1472
     34 10 14 26.046672 10 14 26.054535 1472
     35 10 14 26.047682 10 14 26.055756 1472
     36 10 14 26.048781 10 14 26.056972 1472
     37 10 14 26.049811 10 14 26.058173 1472
     38 10 14 26.050883 10 14 26.059404 1472
     39 10 14 26.051902 10 14 26.060625 1472
     40 10 14 26.052937 10 14 26.061844 1472
     41 10 14 26.053981 10 14 26.063057 1472
     42 10 14 26.054978 10 14 26.064277 1472
     43 10 14 26.056089 10 14 26.065480 1472
     44 10 14 26.057121 10 14 26.066718 1472
     45 10 14 26.058187 10 14 26.067920 1472
     46 10 14 26.059201 10 14 26.069148 1472
     47 10 14 26.060244 10 14 26.070364 1472
     48 10 14 26.061294 10 14 26.071578 1472
     49 10 14 26.062348 10 14 26.072787 1472
     50 10 14 26.063378 10 14 26.076214 1472
     51 10 14 26.052441 10 14 26.069138 1472
     52 10 14 26.053473 10 14 26.070354 1472
     53 10 14 26.054543 10 14 26.071570 1472
     54 10 14 26.055554 10 14 26.072796 1472
     55 10 14 26.056595 10 14 26.073995 1472
     56 10 14 26.057641 10 14 26.075216 1472
     57 10 14 26.058627 10 14 26.076433 1472
     58 10 14 26.059736 10 14 26.077643 1472
     59 10 14 26.060773 10 14 26.078859 1472
     60 10 14 26.061854 10 14 26.080082 1472
     61 10 14 26.062870 10 14 26.081307 1472
     62 10 14 26.063921 10 14 26.082519 1472
     63 10 14 26.064952 10 14 26.083757 1472
     64 10 14 26.066081 10 14 26.084958 1472
     65 10 14 26.067039 10 14 26.086151 1472
     66 10 14 26.068092 10 14 26.087422 1472
     67 10 14 26.069155 10 14 26.088595 1472
     68 10 14 26.070168 10 14 26.090016 1472
     69 10 14 26.071213 10 14 26.091027 1472
     70 10 14 26.072254 10 14 26.092237 1472
     71 10 14 26.073298 10 14 26.093443 1472
     72 10 14 26.074348 10 14 26.094664 1472
     73 10 14 26.075375 10 14 26.095884 1472
     74 10 14 26.076406 10 14 26.097100 1472
     75 10 14 26.077474 10 14 26.100743 1472
     76 10 14 26.078469 10 14 26.103180 1472
     77 10 14 26.079561 10 14 26.104388 1472
     78 10 14 26.080607 10 14 26.106690 1472
     79 10 14 26.081658 10 14 26.109109 1472
     80 10 14 26.082689 10 14 26.110323 1472
     81 10 14 26.083767 10 14 26.111543 1472
     82 10 14 26.084748 10 14 26.112750 1472
     83 10 14 26.085792 10 14 26.113973 1472
     84 10 14 26.086867 10 14 26.115193 1472
     85 10 14 26.087969 10 14 26.116398 1472
     86 10 14 26.088958 10 14 26.117623 1472
     87 10 14 26.090026 10 14 26.118839 1472
     88 10 14 26.091035 10 14 26.120045 1472
     89 10 14 26.092082 10 14 26.121265 1472
     90 10 14 26.093112 10 14 26.122485 1472
     91 10 14 26.094152 10 14 26.123699 1472
     92 10 14 26.095219 10 14 26.124926 1472
     93 10 14 26.096267 10 14 26.126139 1472
     94 10 14 26.097308 10 14 26.127344 1472
     95 10 14 26.098349 10 14 26.128568 1472
     96 10 14 26.099377 10 14 26.129789 1472
     97 10 14 26.100408 10 14 26.130991 1472
     98 10 14 26.101451 10 14 26.132210 1472
     99 10 14 26.102524 10 14 26.133430 1472
    100 10 14 26.103547 10 14 26.134638 1472
     51 10 14 26.064412 10 14 26.084572 1472
     52 10 14 26.065498 10 14 26.085785 1472
     53 10 14 26.066517 10 14 26.088066 1472
     54 10 14 26.067558 10 14 26.090510 1472
     55 10 14 26.068600 10 14 26.091718 1472
     56 10 14 26.069639 10 14 26.092940 1472
     57 10 14 26.070683 10 14 26.094145 1472
     58 10 14 26.071742 10 14 26.095365 1472
     59 10 14 26.072803 10 14 26.096591 1472
     60 10 14 26.073816 10 14 26.097792 1472
     61 10 14 26.074867 10 14 26.099011 1472
     62 10 14 26.075901 10 14 26.100221 1472
     63 10 14 26.076958 10 14 26.101442 1472
     64 10 14 26.077998 10 14 26.102658 1472
     65 10 14 26.079021 10 14 26.103873 1472
     66 10 14 26.080092 10 14 26.105095 1472
     67 10 14 26.081119 10 14 26.106307 1472
     68 10 14 26.082173 10 14 26.107518 1472
     69 10 14 26.083210 10 14 26.108754 1472
     70 10 14 26.084254 10 14 26.109953 1472
     71 10 14 26.085305 10 14 26.111162 1472
     72 10 14 26.086334 10 14 26.112390 1472
     73 10 14 26.087430 10 14 26.113600 1472
     74 10 14 26.088447 10 14 26.114805 1472
     75 10 14 26.089479 10 14 26.116036 1472
     76 10 14 26.090520 10 14 26.117246 1472
     77 10 14 26.091559 10 14 26.118452 1472
     78 10 14 26.092601 10 14 26.119682 1472
     79 10 14 26.093630 10 14 26.120898 1472
     80 10 14 26.094671 10 14 26.122108 1472
     81 10 14 26.095729 10 14 26.123321 1472
     82 10 14 26.096759 10 14 26.124538 1472
     83 10 14 26.097801 10 14 26.125757 1472
     84 10 14 26.098866 10 14 26.126971 1472
     85 10 14 26.099899 10 14 26.128194 1472
     86 10 14 26.100961 10 14 26.129397 1472
     87 10 14 26.101997 10 14 26.130624 1472
     88 10 14 26.103024 10 14 26.131848 1472
     89 10 14 26.104057 10 14 26.133047 1472
     90 10 14 26.105104 10 14 26.134268 1472
     91 10 14 26.106180 10 14 26.135484 1472
     92 10 14 26.107219 10 14 26.136694 1472
     93 10 14 26.108256 10 14 26.137919 1472
     94 10 14 26.109286 10 14 26.139139 1472
     95 10 14 26.110330 10 14 26.140353 1472
     96 10 14 26.111346 10 14 26.141566 1472
     97 10 14 26.112397 10 14 26.142783 1472
     98 10 14 26.113481 10 14 26.144002 1472
     99 10 14 26.114523 10 14 26.145217 1472
    100 10 14 26.115556 10 14 26.146436 1472
    101 10 14 26.104617 10 14 26.141784 1472
    102 10 14 26.105641 10 14 26.142994 1472
    103 10 14 26.106700 10 14 26.144210 1472
    104 10 14 26.107711 10 14 26.145430 1472
    105 10 14 26.108762 10 14 26.146650 1472
    106 10 14 26.109833 10 14 26.147860 1472
    107 10 14 26.110877 10 14 26.149081 1472
    108 10 14 26.111906 10 14 26.150292 1472
    109 10 14 26.112940 10 14 26.151519 1472
    110 10 14 26.113980 10 14 26.152736 1472
    111 10 14 26.114996 10 14 26.153939 1472
    112 10 14 26.116098 10 14 26.155156 1472
    113 10 14 26.117142 10 14 26.156379 1472
    114 10 14 26.118183 10 14 26.157600 1472
    115 10 14 26.119199 10 14 26.158809 1472
    116 10 14 26.120229 10 14 26.160026 1472
    117 10 14 26.121316 10 14 26.161238 1472
    118 10 14 26.122360 10 14 26.162452 1472
    119 10 14 26.123405 10 14 26.163675 1472
    120 10 14 26.124449 10 14 26.164892 1472
    121 10 14 26.125492 10 14 26.166109 1472
    122 10 14 26.126495 10 14 26.167325 1472
    123 10 14 26.127527 10 14 26.168535 1472
    124 10 14 26.128623 10 14 26.169748 1472
    125 10 14 26.129666 10 14 26.170971 1472
    126 10 14 26.130711 10 14 26.172181 1472
    127 10 14 26.131755 10 14 26.173397 1472
    128 10 14 26.132795 10 14 26.174614 1472
    129 10 14 26.133800 10 14 26.175833 1472
    130 10 14 26.134889 10 14 26.177053 1472
    131 10 14 26.135929 10 14 26.178269 1472
    132 10 14 26.136979 10 14 26.179482 1472
    133 10 14 26.138018 10 14 26.180692 1472
    134 10 14 26.139064 10 14 26.181917 1472
    135 10 14 26.140104 10 14 26.183194 1472
    136 10 14 26.141149 10 14 26.184342 1472
    137 10 14 26.142150 10 14 26.185586 1472
    138 10 14 26.143184 10 14 26.186769 1472
    139 10 14 26.144282 10 14 26.187984 1472
    140 10 14 26.145326 10 14 26.189181 1472
    141 10 14 26.146370 10 14 26.190422 1472
    142 10 14 26.147411 10 14 26.191631 1472
    143 10 14 26.148455 10 14 26.195281 1472
    144 10 14 26.149446 10 14 26.197727 1472
    145 10 14 26.150558 10 14 26.200133 1472
    146 10 14 26.151589 10 14 26.202432 1472
    147 10 14 26.152629 10 14 26.203640 1472
    148 10 14 26.153676 10 14 26.204855 1472
    149 10 14 26.154717 10 14 26.206088 1472
    150 10 14 26.155761 10 14 26.207291 1472
    101 10 14 26.116588 10 14 26.153573 1472
    102 10 14 26.117632 10 14 26.154792 1472
    103 10 14 26.118646 10 14 26.155998 1472
    104 10 14 26.119745 10 14 26.157215 1472
    105 10 14 26.120788 10 14 26.158439 1472
    106 10 14 26.121831 10 14 26.159652 1472
    107 10 14 26.122848 10 14 26.160862 1472
    108 10 14 26.123878 10 14 26.162078 1472
    109 10 14 26.124935 10 14 26.163292 1472
    110 10 14 26.126006 10 14 26.164505 1472
    111 10 14 26.127051 10 14 26.165722 1472
    112 10 14 26.128094 10 14 26.166944 1472
    113 10 14 26.129138 10 14 26.168168 1472
    114 10 14 26.130144 10 14 26.169371 1472
    115 10 14 26.131174 10 14 26.170591 1472
    116 10 14 26.132272 10 14 26.171801 1472
    117 10 14 26.133313 10 14 26.173042 1472
    118 10 14 26.134360 10 14 26.174239 1472
    119 10 14 26.135407 10 14 26.175451 1472
    120 10 14 26.136447 10 14 26.179106 1472
    121 10 14 26.137442 10 14 26.181536 1472
    122 10 14 26.138531 10 14 26.183989 1472
    123 10 14 26.139576 10 14 26.186254 1472
    124 10 14 26.140620 10 14 26.187470 1472
    125 10 14 26.141666 10 14 26.188683 1472
    126 10 14 26.142717 10 14 26.189902 1472
    127 10 14 26.143751 10 14 26.191112 1472
    128 10 14 26.144800 10 14 26.192336 1472
    129 10 14 26.145799 10 14 26.193549 1472
    130 10 14 26.146829 10 14 26.194759 1472
    131 10 14 26.147928 10 14 26.195959 1472
    132 10 14 26.148973 10 14 26.197199 1472
    133 10 14 26.150014 10 14 26.198409 1472
    134 10 14 26.151057 10 14 26.199625 1472
    135 10 14 26.152101 10 14 26.200848 1472
    136 10 14 26.153096 10 14 26.202055 1472
    137 10 14 26.154188 10 14 26.203253 1472
    138 10 14 26.155235 10 14 26.204488 1472
    139 10 14 26.156278 10 14 26.205701 1472
    140 10 14 26.157323 10 14 26.206917 1472
    141 10 14 26.158363 10 14 26.208148 1472
    142 10 14 26.159409 10 14 26.209347 1472
    143 10 14 26.160453 10 14 26.210571 1472
    144 10 14 26.161497 10 14 26.211795 1472
    145 10 14 26.162542 10 14 26.212986 1472
    146 10 14 26.163582 10 14 26.214231 1472
    147 10 14 26.164629 10 14 26.215438 1472
    148 10 14 26.165673 10 14 26.216653 1472
    149 10 14 26.166720 10 14 26.217862 1472
    150 10 14 26.167760 10 14 26.219086 1472
    151 10 14 26.156810 10 14 26.214435 1472
    152 10 14 26.157848 10 14 26.215651 1472
    153 10 14 26.158895 10 14 26.216850 1472
    154 10 14 26.159938 10 14 26.218081 1472
    155 10 14 26.160986 10 14 26.219297 1472
    156 10 14 26.162023 10 14 26.220493 1472
    157 10 14 26.163069 10 14 26.221730 1472
    158 10 14 26.164111 10 14 26.222947 1472
    159 10 14 26.165155 10 14 26.224160 1472
    160 10 14 26.166201 10 14 26.225387 1472
    161 10 14 26.167245 10 14 26.226594 1472
    162 10 14 26.168289 10 14 26.227803 1472
    163 10 14 26.169377 10 14 26.229055 1472
    164 10 14 26.170376 10 14 26.230239 1472
    165 10 14 26.171419 10 14 26.231465 1472
    166 10 14 26.172463 10 14 26.232683 1472
    167 10 14 26.173508 10 14 26.233886 1472
    168 10 14 26.174551 10 14 26.235113 1472
    169 10 14 26.175602 10 14 26.236328 1472
    170 10 14 26.176646 10 14 26.237538 1472
    171 10 14 26.177682 10 14 26.238762 1472
    172 10 14 26.178725 10 14 26.239978 1472
    173 10 14 26.179769 10 14 26.241185 1472
    174 10 14 26.180816 10 14 26.242404 1472
    175 10 14 26.181858 10 14 26.243624 1472
    176 10 14 26.182905 10 14 26.244832 1472
    177 10 14 26.183946 10 14 26.246055 1472
    178 10 14 26.184992 10 14 26.247274 1472
    179 10 14 26.186033 10 14 26.248481 1472
    180 10 14 26.187077 10 14 26.249696 1472
    181 10 14 26.188123 10 14 26.250918 1472
    182 10 14 26.189189 10 14 26.252129 1472
    183 10 14 26.190210 10 14 26.253360 1472
    184 10 14 26.191255 10 14 26.254569 1472
    185 10 14 26.192295 10 14 26.255776 1472
    186 10 14 26.193341 10 14 26.256997 1472
    187 10 14 26.194382 10 14 26.258310 1472
    188 10 14 26.195429 10 14 26.259436 1472
    189 10 14 26.196479 10 14 26.260650 1472
    190 10 14 26.197516 10 14 26.261866 1472
    191 10 14 26.198560 10 14 26.263125 1472
    192 10 14 26.199633 10 14 26.264300 1472
    193 10 14 26.200647 10 14 26.265525 1472
    194 10 14 26.201691 10 14 26.266723 1472
    195 10 14 26.202733 10 14 26.267942 1472
    196 10 14 26.203779 10 14 26.269162 1472
    197 10 14 26.204865 10 14 26.270371 1472
    198 10 14 26.205877 10 14 26.271595 1472
    199 10 14 26.206924 10 14 26.272814 1472
    200 10 14 26.207954 10 14 26.274017 1472
    151 10 14 26.168804 10 14 26.226217 1472
    152 10 14 26.169850 10 14 26.227450 1472
    153 10 14 26.170890 10 14 26.228646 1472
    154 10 14 26.171935 10 14 26.229863 1472
    155 10 14 26.173051 10 14 26.231114 1472
    156 10 14 26.174023 10 14 26.232296 1472
    157 10 14 26.175066 10 14 26.233526 1472
    158 10 14 26.176110 10 14 26.234739 1472
    159 10 14 26.177157 10 14 26.235945 1472
    160 10 14 26.178197 10 14 26.237179 1472
    161 10 14 26.179242 10 14 26.238382 1472
    162 10 14 26.180285 10 14 26.239591 1472
    163 10 14 26.181331 10 14 26.240832 1472
    164 10 14 26.182373 10 14 26.242032 1472
    165 10 14 26.183417 10 14 26.243241 1472
    166 10 14 26.184463 10 14 26.244469 1472
    167 10 14 26.185508 10 14 26.245681 1472
    168 10 14 26.186547 10 14 26.246887 1472
    169 10 14 26.187595 10 14 26.248118 1472
    170 10 14 26.188638 10 14 26.249331 1472
    171 10 14 26.189682 10 14 26.250533 1472
    172 10 14 26.190723 10 14 26.251753 1472
    173 10 14 26.191770 10 14 26.252980 1472
    174 10 14 26.192814 10 14 26.254182 1472
    175 10 14 26.193856 10 14 26.255423 1472
    176 10 14 26.194903 10 14 26.256626 1472
    177 10 14 26.195969 10 14 26.257833 1472
    178 10 14 26.196992 10 14 26.259060 1472
    179 10 14 26.198032 10 14 26.260280 1472
    180 10 14 26.199075 10 14 26.261492 1472
    181 10 14 26.200141 10 14 26.262717 1472
    182 10 14 26.201164 10 14 26.263923 1472
    183 10 14 26.202217 10 14 26.265138 1472
    184 10 14 26.203261 10 14 26.266372 1472
    185 10 14 26.204292 10 14 26.267578 1472
    186 10 14 26.205338 10 14 26.268778 1472
    187 10 14 26.206382 10 14 26.269998 1472
    188 10 14 26.207432 10 14 26.271217 1472
    189 10 14 26.208469 10 14 26.274865 1472
    190 10 14 26.209534 10 14 26.277287 1472
    191 10 14 26.210578 10 14 26.278520 1472
    192 10 14 26.211607 10 14 26.280948 1472
    193 10 14 26.212644 10 14 26.283221 1472
    194 10 14 26.213691 10 14 26.284438 1472
    195 10 14 26.214732 10 14 26.285654 1472
    196 10 14 26.215789 10 14 26.286868 1472
    197 10 14 26.216857 10 14 26.288078 1472
    198 10 14 26.217870 10 14 26.289300 1472
    199 10 14 26.218910 10 14 26.290518 1472
    200 10 14 26.219951 10 14 26.291723 1472
    201 10 14 26.209001 10 14 26.281168 1472
    202 10 14 26.210042 10 14 26.282384 1472
    203 10 14 26.211086 10 14 26.283594 1472
    204 10 14 26.212129 10 14 26.284814 1472
    205 10 14 26.213187 10 14 26.286024 1472
    206 10 14 26.214240 10 14 26.287244 1472
    207 10 14 26.215267 10 14 26.288465 1472
    208 10 14 26.216304 10 14 26.289670 1472
    209 10 14 26.217348 10 14 26.290896 1472
    210 10 14 26.218392 10 14 26.292113 1472
    211 10 14 26.219467 10 14 26.293323 1472
    212 10 14 26.220500 10 14 26.296974 1472
    213 10 14 26.221523 10 14 26.299400 1472
    214 10 14 26.222532 10 14 26.301826 1472
    215 10 14 26.223614 10 14 26.303048 1472
    216 10 14 26.224658 10 14 26.305323 1472
    217 10 14 26.225702 10 14 26.306550 1472
    218 10 14 26.226742 10 14 26.307766 1472
    219 10 14 26.227812 10 14 26.308970 1472
    220 10 14 26.228826 10 14 26.310189 1472
    221 10 14 26.229870 10 14 26.311410 1472
    222 10 14 26.230917 10 14 26.312622 1472
    223 10 14 26.231961 10 14 26.313841 1472
    224 10 14 26.233008 10 14 26.315058 1472
    225 10 14 26.234059 10 14 26.316269 1472
    226 10 14 26.235123 10 14 26.317482 1472
    227 10 14 26.236145 10 14 26.318705 1472
    228 10 14 26.237187 10 14 26.319915 1472
    229 10 14 26.238223 10 14 26.321135 1472
    230 10 14 26.239269 10 14 26.322355 1472
    231 10 14 26.240313 10 14 26.323564 1472
    232 10 14 26.241367 10 14 26.324781 1472
    233 10 14 26.242412 10 14 26.326003 1472
    234 10 14 26.243427 10 14 26.327221 1472
    235 10 14 26.244478 10 14 26.328430 1472
    236 10 14 26.245552 10 14 26.329651 1472
    237 10 14 26.246576 10 14 26.330859 1472
    238 10 14 26.247628 10 14 26.332077 1472
    239 10 14 26.248657 10 14 26.333299 1472
    240 10 14 26.249704 10 14 26.334506 1472
    241 10 14 26.250719 10 14 26.335725 1472
    242 10 14 26.251761 10 14 26.336950 1472
    243 10 14 26.252838 10 14 26.338160 1472
    244 10 14 26.253882 10 14 26.339372 1472
    245 10 14 26.254930 10 14 26.340595 1472
    246 10 14 26.255960 10 14 26.341805 1472
    247 10 14 26.257006 10 14 26.343019 1472
    248 10 14 26.258023 10 14 26.344241 1472
    249 10 14 26.259067 10 14 26.345452 1472
    250 10 14 26.260146 10 14 26.346668 1472
    201 10 14 26.220994 10 14 26.298878 1472
    202 10 14 26.222041 10 14 26.300094 1472
    203 10 14 26.223185 10 14 26.301311 1472
    204 10 14 26.224168 10 14 26.302527 1472
    205 10 14 26.225183 10 14 26.303740 1472
    206 10 14 26.226227 10 14 26.304959 1472
    207 10 14 26.227257 10 14 26.306176 1472
    208 10 14 26.228301 10 14 26.307377 1472
    209 10 14 26.229345 10 14 26.308612 1472
    210 10 14 26.230401 10 14 26.309819 1472
    211 10 14 26.231473 10 14 26.311023 1472
    212 10 14 26.232489 10 14 26.312245 1472
    213 10 14 26.233536 10 14 26.313468 1472
    214 10 14 26.234564 10 14 26.314675 1472
    215 10 14 26.235610 10 14 26.315895 1472
    216 10 14 26.236651 10 14 26.317112 1472
    217 10 14 26.237707 10 14 26.318328 1472
    218 10 14 26.238769 10 14 26.319538 1472
    219 10 14 26.239788 10 14 26.320755 1472
    220 10 14 26.240839 10 14 26.321970 1472
    221 10 14 26.241872 10 14 26.323190 1472
    222 10 14 26.242916 10 14 26.324403 1472
    223 10 14 26.243961 10 14 26.325621 1472
    224 10 14 26.245015 10 14 26.326838 1472
    225 10 14 26.246064 10 14 26.328057 1472
    226 10 14 26.247078 10 14 26.329270 1472
    227 10 14 26.248127 10 14 26.330486 1472
    228 10 14 26.249181 10 14 26.331699 1472
    229 10 14 26.250222 10 14 26.332919 1472
    230 10 14 26.251274 10 14 26.334129 1472
    231 10 14 26.252304 10 14 26.335349 1472
    232 10 14 26.253367 10 14 26.336565 1472
    233 10 14 26.254387 10 14 26.338014 1472
    234 10 14 26.255431 10 14 26.339041 1472
    235 10 14 26.256485 10 14 26.340213 1472
    236 10 14 26.257532 10 14 26.341428 1472
    237 10 14 26.258579 10 14 26.342652 1472
    238 10 14 26.259612 10 14 26.343861 1472
    239 10 14 26.260659 10 14 26.345075 1472
    240 10 14 26.261672 10 14 26.346296 1472
    241 10 14 26.262727 10 14 26.347509 1472
    242 10 14 26.263792 10 14 26.348724 1472
    243 10 14 26.264839 10 14 26.349930 1472
    244 10 14 26.265875 10 14 26.351168 1472
    245 10 14 26.266905 10 14 26.352382 1472
    246 10 14 26.267951 10 14 26.353581 1472
    247 10 14 26.268968 10 14 26.354815 1472
    248 10 14 26.270057 10 14 26.356031 1472
    249 10 14 26.271100 10 14 26.357244 1472
    250 10 14 26.272144 10 14 26.358465 1472
    251 10 14 26.261192 10 14 26.353809 1472
    252 10 14 26.262232 10 14 26.355032 1472
    253 10 14 26.263262 10 14 26.356249 1472
    254 10 14 26.264309 10 14 26.357461 1472
    255 10 14 26.265329 10 14 26.358677 1472
    256 10 14 26.266380 10 14 26.359885 1472
    257 10 14 26.267452 10 14 26.361105 1472
    258 10 14 26.268495 10 14 26.362331 1472
    259 10 14 26.269521 10 14 26.363551 1472
    260 10 14 26.270554 10 14 26.364770 1472
    261 10 14 26.271603 10 14 26.365973 1472
    262 10 14 26.272683 10 14 26.367190 1472
    263 10 14 26.273717 10 14 26.368407 1472
    264 10 14 26.274760 10 14 26.369619 1472
    265 10 14 26.275804 10 14 26.370837 1472
    266 10 14 26.276817 10 14 26.372057 1472
    267 10 14 26.277892 10 14 26.373266 1472
    268 10 14 26.278884 10 14 26.374483 1472
    269 10 14 26.279979 10 14 26.375710 1472
    270 10 14 26.281027 10 14 26.376922 1472
    271 10 14 26.282070 10 14 26.378108 1472
    272 10 14 26.283111 10 14 26.379357 1472
    273 10 14 26.284154 10 14 26.380555 1472
    274 10 14 26.285177 10 14 26.381759 1472
    275 10 14 26.286207 10 14 26.383002 1472
    276 10 14 26.287254 10 14 26.384219 1472
    277 10 14 26.288329 10 14 26.385405 1472
    278 10 14 26.289376 10 14 26.386651 1472
    279 10 14 26.290416 10 14 26.387852 1472
    280 10 14 26.291460 10 14 26.389057 1472
    281 10 14 26.292479 10 14 26.390292 1472
    282 10 14 26.293551 10 14 26.393938 1472
    283 10 14 26.294540 10 14 26.396356 1472
    284 10 14 26.295638 10 14 26.398803 1472
    285 10 14 26.296680 10 14 26.401084 1472
    286 10 14 26.297726 10 14 26.402304 1472
    287 10 14 26.298767 10 14 26.403511 1472
    288 10 14 26.299770 10 14 26.404730 1472
    289 10 14 26.300855 10 14 26.405954 1472
    290 10 14 26.301901 10 14 26.407161 1472
    291 10 14 26.302893 10 14 26.408374 1472
    292 10 14 26.303985 10 14 26.409604 1472
    293 10 14 26.305036 10 14 26.410809 1472
    294 10 14 26.306074 10 14 26.412022 1472
    295 10 14 26.307119 10 14 26.413249 1472
    296 10 14 26.308125 10 14 26.414456 1472
    297 10 14 26.309153 10 14 26.415686 1472
    298 10 14 26.310251 10 14 26.416906 1472
    299 10 14 26.311292 10 14 26.418110 1472
    300 10 14 26.312341 10 14 26.419328 1472
    251 10 14 26.273174 10 14 26.365590 1472
    252 10 14 26.274236 10 14 26.366824 1472
    253 10 14 26.275234 10 14 26.370461 1472
    254 10 14 26.276319 10 14 26.372885 1472
    255 10 14 26.277364 10 14 26.374112 1472
    256 10 14 26.278414 10 14 26.376536 1472
    257 10 14 26.279451 10 14 26.378827 1472
    258 10 14 26.280495 10 14 26.380037 1472
    259 10 14 26.281528 10 14 26.381246 1472
    260 10 14 26.282558 10 14 26.382476 1472
    261 10 14 26.283602 10 14 26.383693 1472
    262 10 14 26.284617 10 14 26.384882 1472
    263 10 14 26.285714 10 14 26.386123 1472
    264 10 14 26.286757 10 14 26.387343 1472
    265 10 14 26.287801 10 14 26.388548 1472
    266 10 14 26.288834 10 14 26.389773 1472
    267 10 14 26.289853 10 14 26.390983 1472
    268 10 14 26.290904 10 14 26.392185 1472
    269 10 14 26.291982 10 14 26.393419 1472
    270 10 14 26.293023 10 14 26.394629 1472
    271 10 14 26.294063 10 14 26.395846 1472
    272 10 14 26.295107 10 14 26.397079 1472
    273 10 14 26.296122 10 14 26.398286 1472
    274 10 14 26.297197 10 14 26.399494 1472
    275 10 14 26.298241 10 14 26.400718 1472
    276 10 14 26.299247 10 14 26.401925 1472
    277 10 14 26.300277 10 14 26.403155 1472
    278 10 14 26.301373 10 14 26.404358 1472
    279 10 14 26.302420 10 14 26.405574 1472
    280 10 14 26.303460 10 14 26.406801 1472
    281 10 14 26.304476 10 14 26.408008 1472
    282 10 14 26.305516 10 14 26.409216 1472
    283 10 14 26.306557 10 14 26.410440 1472
    284 10 14 26.307632 10 14 26.411660 1472
    285 10 14 26.308679 10 14 26.412876 1472
    286 10 14 26.309722 10 14 26.414086 1472
    287 10 14 26.310766 10 14 26.415303 1472
    288 10 14 26.311773 10 14 26.416515 1472
    289 10 14 26.312805 10 14 26.417760 1472
    290 10 14 26.313900 10 14 26.418955 1472
    291 10 14 26.314941 10 14 26.420163 1472
    292 10 14 26.315988 10 14 26.421392 1472
    293 10 14 26.317029 10 14 26.422608 1472
    294 10 14 26.318072 10 14 26.423829 1472
    295 10 14 26.319071 10 14 26.425042 1472
    296 10 14 26.320160 10 14 26.426254 1472
    297 10 14 26.321207 10 14 26.427465 1472
    298 10 14 26.322247 10 14 26.428692 1472
    299 10 14 26.323294 10 14 26.429902 1472
    300 10 14 26.324336 10 14 26.431143 1472
    301 10 14 26.313383 10 14 26.426459 1472
    302 10 14 26.314426 10 14 26.427682 1472
    303 10 14 26.315421 10 14 26.428902 1472
    304 10 14 26.316511 10 14 26.430115 1472
    305 10 14 26.317558 10 14 26.431312 1472
    306 10 14 26.318600 10 14 26.432541 1472
    307 10 14 26.319646 10 14 26.433759 1472
    308 10 14 26.320688 10 14 26.434954 1472
    309 10 14 26.321732 10 14 26.436202 1472
    310 10 14 26.322776 10 14 26.437415 1472
    311 10 14 26.323820 10 14 26.438627 1472
    312 10 14 26.324867 10 14 26.439848 1472
    313 10 14 26.325907 10 14 26.441055 1472
    314 10 14 26.326954 10 14 26.442274 1472
    315 10 14 26.327995 10 14 26.443494 1472
    316 10 14 26.329041 10 14 26.444700 1472
    317 10 14 26.330082 10 14 26.445921 1472
    318 10 14 26.331127 10 14 26.447143 1472
    319 10 14 26.332173 10 14 26.448349 1472
    320 10 14 26.333216 10 14 26.449571 1472
    321 10 14 26.334260 10 14 26.450797 1472
    322 10 14 26.335308 10 14 26.451999 1472
    323 10 14 26.336348 10 14 26.453217 1472
    324 10 14 26.337391 10 14 26.454436 1472
    325 10 14 26.338435 10 14 26.455646 1472
    326 10 14 26.339479 10 14 26.456890 1472
    327 10 14 26.340520 10 14 26.458089 1472
    328 10 14 26.341567 10 14 26.459295 1472
    329 10 14 26.342607 10 14 26.460512 1472
    330 10 14 26.343652 10 14 26.461732 1472
    331 10 14 26.344697 10 14 26.463484 1472
    332 10 14 26.345739 10 14 26.464171 1472
    333 10 14 26.346789 10 14 26.465389 1472
    334 10 14 26.347829 10 14 26.466601 1472
    335 10 14 26.348904 10 14 26.467812 1472
    336 10 14 26.349938 10 14 26.469207 1472
    337 10 14 26.350965 10 14 26.470245 1472
    338 10 14 26.352002 10 14 26.471546 1472
    339 10 14 26.353048 10 14 26.472677 1472
    340 10 14 26.354092 10 14 26.473880 1472
    341 10 14 26.355136 10 14 26.475101 1472
    342 10 14 26.356180 10 14 26.476317 1472
    343 10 14 26.357254 10 14 26.477533 1472
    344 10 14 26.358266 10 14 26.478752 1472
    345 10 14 26.359311 10 14 26.479966 1472
    346 10 14 26.360354 10 14 26.483615 1472
    347 10 14 26.361398 10 14 26.486039 1472
    348 10 14 26.362442 10 14 26.488475 1472
    349 10 14 26.363486 10 14 26.490756 1472
    350 10 14 26.364532 10 14 26.491977 1472
    301 10 14 26.325379 10 14 26.438252 1472
    302 10 14 26.326367 10 14 26.439468 1472
    303 10 14 26.327469 10 14 26.440691 1472
    304 10 14 26.328513 10 14 26.441904 1472
    305 10 14 26.329554 10 14 26.443107 1472
    306 10 14 26.330601 10 14 26.444338 1472
    307 10 14 26.331641 10 14 26.445574 1472
    308 10 14 26.332688 10 14 26.446757 1472
    309 10 14 26.333729 10 14 26.447984 1472
    310 10 14 26.334775 10 14 26.449197 1472
    311 10 14 26.335819 10 14 26.450403 1472
    312 10 14 26.336866 10 14 26.451639 1472
    313 10 14 26.338022 10 14 26.452857 1472
    314 10 14 26.338951 10 14 26.454052 1472
    315 10 14 26.339994 10 14 26.455279 1472
    316 10 14 26.341038 10 14 26.456492 1472
    317 10 14 26.342081 10 14 26.457701 1472
    318 10 14 26.343126 10 14 26.458928 1472
    319 10 14 26.344167 10 14 26.460142 1472
    320 10 14 26.345214 10 14 26.461348 1472
    321 10 14 26.346257 10 14 26.462565 1472
    322 10 14 26.347303 10 14 26.464034 1472
    323 10 14 26.348344 10 14 26.467441 1472
    324 10 14 26.349388 10 14 26.469877 1472
    325 10 14 26.350432 10 14 26.472300 1472
    326 10 14 26.351476 10 14 26.474592 1472
    327 10 14 26.352522 10 14 26.475798 1472
    328 10 14 26.353590 10 14 26.477032 1472
    329 10 14 26.354607 10 14 26.478231 1472
    330 10 14 26.355654 10 14 26.479451 1472
    331 10 14 26.356698 10 14 26.480657 1472
    332 10 14 26.357738 10 14 26.481874 1472
    333 10 14 26.358785 10 14 26.483100 1472
    334 10 14 26.359832 10 14 26.484307 1472
    335 10 14 26.360873 10 14 26.485530 1472
    336 10 14 26.361909 10 14 26.486746 1472
    337 10 14 26.362957 10 14 26.487960 1472
    338 10 14 26.364001 10 14 26.489176 1472
    339 10 14 26.365047 10 14 26.490390 1472
    340 10 14 26.366091 10 14 26.491603 1472
    341 10 14 26.367136 10 14 26.492812 1472
    342 10 14 26.368186 10 14 26.494032 1472
    343 10 14 26.369222 10 14 26.495253 1472
    344 10 14 26.370266 10 14 26.496465 1472
    345 10 14 26.371307 10 14 26.497685 1472
    346 10 14 26.372353 10 14 26.498899 1472
    347 10 14 26.373398 10 14 26.500115 1472
    348 10 14 26.374441 10 14 26.501325 1472
    349 10 14 26.375492 10 14 26.502549 1472
    350 10 14 26.376546 10 14 26.503765 1472
    351 10 14 26.365598 10 14 26.499110 1472
    352 10 14 26.366617 10 14 26.500336 1472
    353 10 14 26.367661 10 14 26.501545 1472
    354 10 14 26.368704 10 14 26.502766 1472
    355 10 14 26.369751 10 14 26.503979 1472
    356 10 14 26.370795 10 14 26.505200 1472
    357 10 14 26.371846 10 14 26.506410 1472
    358 10 14 26.372893 10 14 26.507625 1472
    359 10 14 26.373923 10 14 26.508852 1472
    360 10 14 26.374969 10 14 26.510069 1472
    361 10 14 26.376013 10 14 26.511281 1472
    362 10 14 26.377075 10 14 26.512488 1472
    363 10 14 26.378115 10 14 26.513705 1472
    364 10 14 26.379144 10 14 26.514928 1472
    365 10 14 26.380227 10 14 26.516141 1472
    366 10 14 26.381256 10 14 26.517354 1472
    367 10 14 26.382274 10 14 26.518577 1472
    368 10 14 26.383317 10 14 26.519788 1472
    369 10 14 26.384373 10 14 26.521007 1472
    370 10 14 26.385414 10 14 26.522217 1472
    371 10 14 26.386451 10 14 26.523440 1472
    372 10 14 26.387506 10 14 26.524651 1472
    373 10 14 26.388556 10 14 26.525871 1472
    374 10 14 26.389583 10 14 26.527083 1472
    375 10 14 26.390629 10 14 26.528297 1472
    376 10 14 26.391669 10 14 26.529515 1472
    377 10 14 26.392714 10 14 26.530736 1472
    378 10 14 26.393757 10 14 26.531945 1472
    379 10 14 26.394812 10 14 26.533163 1472
    380 10 14 26.395855 10 14 26.534386 1472
    381 10 14 26.396892 10 14 26.535593 1472
    382 10 14 26.398005 10 14 26.536808 1472
    383 10 14 26.398977 10 14 26.538032 1472
    384 10 14 26.400027 10 14 26.539244 1472
    385 10 14 26.401092 10 14 26.540455 1472
    386 10 14 26.402112 10 14 26.541686 1472
    387 10 14 26.403162 10 14 26.542888 1472
    388 10 14 26.404196 10 14 26.544104 1472
    389 10 14 26.405239 10 14 26.545335 1472
    390 10 14 26.406283 10 14 26.546535 1472
    391 10 14 26.407337 10 14 26.547761 1472
    392 10 14 26.408383 10 14 26.548998 1472
    393 10 14 26.409397 10 14 26.550187 1472
    394 10 14 26.410447 10 14 26.551420 1472
    395 10 14 26.411502 10 14 26.552624 1472
    396 10 14 26.412545 10 14 26.553833 1472
    397 10 14 26.413599 10 14 26.555060 1472
    398 10 14 26.414629 10 14 26.556273 1472
    399 10 14 26.415694 10 14 26.557480 1472
    400 10 14 26.416713 10 14 26.558706 1472
    351 10 14 26.377572 10 14 26.510905 1472
    352 10 14 26.378616 10 14 26.512124 1472
    353 10 14 26.379660 10 14 26.513332 1472
    354 10 14 26.380704 10 14 26.514544 1472
    355 10 14 26.381768 10 14 26.515758 1472
    356 10 14 26.382791 10 14 26.516981 1472
    357 10 14 26.383845 10 14 26.518195 1472
    358 10 14 26.384892 10 14 26.519413 1472
    359 10 14 26.385922 10 14 26.520623 1472
    360 10 14 26.386966 10 14 26.521847 1472
    361 10 14 26.388021 10 14 26.523057 1472
    362 10 14 26.389065 10 14 26.524262 1472
    363 10 14 26.390097 10 14 26.525498 1472
    364 10 14 26.391152 10 14 26.526704 1472
    365 10 14 26.392193 10 14 26.527905 1472
    366 10 14 26.393231 10 14 26.529140 1472
    367 10 14 26.394275 10 14 26.530353 1472
    368 10 14 26.395323 10 14 26.531565 1472
    369 10 14 26.396364 10 14 26.532790 1472
    370 10 14 26.397418 10 14 26.533999 1472
    371 10 14 26.398451 10 14 26.535205 1472
    372 10 14 26.399501 10 14 26.536442 1472
    373 10 14 26.400535 10 14 26.537646 1472
    374 10 14 26.401579 10 14 26.538855 1472
    375 10 14 26.402622 10 14 26.540089 1472
    376 10 14 26.403677 10 14 26.541298 1472
    377 10 14 26.404738 10 14 26.542500 1472
    378 10 14 26.405757 10 14 26.543735 1472
    379 10 14 26.406808 10 14 26.544948 1472
    380 10 14 26.407845 10 14 26.546164 1472
    381 10 14 26.408888 10 14 26.547397 1472
    382 10 14 26.409931 10 14 26.548597 1472
    383 10 14 26.410985 10 14 26.549807 1472
    384 10 14 26.412030 10 14 26.551040 1472
    385 10 14 26.413043 10 14 26.552243 1472
    386 10 14 26.414093 10 14 26.553468 1472
    387 10 14 26.415151 10 14 26.554681 1472
    388 10 14 26.416194 10 14 26.555886 1472
    389 10 14 26.417246 10 14 26.557114 1472
    390 10 14 26.418275 10 14 26.558330 1472
    391 10 14 26.419367 10 14 26.559535 1472
    392 10 14 26.420394 10 14 26.563190 1472
    393 10 14 26.421399 10 14 26.564426 1472
    394 10 14 26.422457 10 14 26.566850 1472
    395 10 14 26.423507 10 14 26.569278 1472
    396 10 14 26.424544 10 14 26.571549 1472
    397 10 14 26.425589 10 14 26.572766 1472
    398 10 14 26.426642 10 14 26.573986 1472
    399 10 14 26.427689 10 14 26.575191 1472
    400 10 14 26.428701 10 14 26.576427 1472
    401 10 14 26.417768 10 14 26.565843 1472
    402 10 14 26.418811 10 14 26.567038 1472
    403 10 14 26.419854 10 14 26.568280 1472
    404 10 14 26.420905 10 14 26.569496 1472
    405 10 14 26.421941 10 14 26.570703 1472
    406 10 14 26.422971 10 14 26.571930 1472
    407 10 14 26.424005 10 14 26.573139 1472
    408 10 14 26.425057 10 14 26.574363 1472
    409 10 14 26.426118 10 14 26.575586 1472
    410 10 14 26.427160 10 14 26.576792 1472
    411 10 14 26.428204 10 14 26.577999 1472
    412 10 14 26.429255 10 14 26.579229 1472
    413 10 14 26.430277 10 14 26.580439 1472
    414 10 14 26.431322 10 14 26.581638 1472
    415 10 14 26.432379 10 14 26.585280 1472
    416 10 14 26.433375 10 14 26.588022 1472
    417 10 14 26.434467 10 14 26.589050 1472
    418 10 14 26.435515 10 14 26.591378 1472
    419 10 14 26.436564 10 14 26.593664 1472
    420 10 14 26.437590 10 14 26.594881 1472
    421 10 14 26.438635 10 14 26.596087 1472
    422 10 14 26.439648 10 14 26.597314 1472
    423 10 14 26.440699 10 14 26.598527 1472
    424 10 14 26.441773 10 14 26.599734 1472
    425 10 14 26.442817 10 14 26.600957 1472
    426 10 14 26.443856 10 14 26.602174 1472
    427 10 14 26.444888 10 14 26.603389 1472
    428 10 14 26.445930 10 14 26.604597 1472
    429 10 14 26.446944 10 14 26.605821 1472
    430 10 14 26.448039 10 14 26.607033 1472
    431 10 14 26.449083 10 14 26.608246 1472
    432 10 14 26.450124 10 14 26.609481 1472
    433 10 14 26.451150 10 14 26.610678 1472
    434 10 14 26.452180 10 14 26.611899 1472
    435 10 14 26.453226 10 14 26.613119 1472
    436 10 14 26.454298 10 14 26.614326 1472
    437 10 14 26.455345 10 14 26.615559 1472
    438 10 14 26.456386 10 14 26.616768 1472
    439 10 14 26.457430 10 14 26.617974 1472
    440 10 14 26.458446 10 14 26.619195 1472
    441 10 14 26.459476 10 14 26.620415 1472
    442 10 14 26.460566 10 14 26.621627 1472
    443 10 14 26.461605 10 14 26.622841 1472
    444 10 14 26.463519 10 14 26.624061 1472
    445 10 14 26.463702 10 14 26.625275 1472
    446 10 14 26.464742 10 14 26.626490 1472
    447 10 14 26.465744 10 14 26.627711 1472
    448 10 14 26.466774 10 14 26.628921 1472
    449 10 14 26.467870 10 14 26.630137 1472
    450 10 14 26.468913 10 14 26.631358 1472
    401 10 14 26.429767 10 14 26.583562 1472
    402 10 14 26.430807 10 14 26.584766 1472
    403 10 14 26.431851 10 14 26.585995 1472
    404 10 14 26.432908 10 14 26.587205 1472
    405 10 14 26.433923 10 14 26.588412 1472
    406 10 14 26.434961 10 14 26.589639 1472
    407 10 14 26.436026 10 14 26.590859 1472
    408 10 14 26.437073 10 14 26.592076 1472
    409 10 14 26.438114 10 14 26.593299 1472
    410 10 14 26.439157 10 14 26.594502 1472
    411 10 14 26.440207 10 14 26.595728 1472
    412 10 14 26.441237 10 14 26.596941 1472
    413 10 14 26.442282 10 14 26.598140 1472
    414 10 14 26.443297 10 14 26.599382 1472
    415 10 14 26.444347 10 14 26.600580 1472
    416 10 14 26.445422 10 14 26.601787 1472
    417 10 14 26.446466 10 14 26.603023 1472
    418 10 14 26.447503 10 14 26.604230 1472
    419 10 14 26.448533 10 14 26.605442 1472
    420 10 14 26.449578 10 14 26.606656 1472
    421 10 14 26.450593 10 14 26.607877 1472
    422 10 14 26.451686 10 14 26.609086 1472
    423 10 14 26.452729 10 14 26.610305 1472
    424 10 14 26.453772 10 14 26.611529 1472
    425 10 14 26.454806 10 14 26.612732 1472
    426 10 14 26.455835 10 14 26.613955 1472
    427 10 14 26.456897 10 14 26.615172 1472
    428 10 14 26.457893 10 14 26.616379 1472
    429 10 14 26.458994 10 14 26.617618 1472
    430 10 14 26.460036 10 14 26.618825 1472
    431 10 14 26.461079 10 14 26.620025 1472
    432 10 14 26.462095 10 14 26.621251 1472
    433 10 14 26.463494 10 14 26.622468 1472
    434 10 14 26.464179 10 14 26.623680 1472
    435 10 14 26.465257 10 14 26.624901 1472
    436 10 14 26.466300 10 14 26.626117 1472
    437 10 14 26.467341 10 14 26.627328 1472
    438 10 14 26.468386 10 14 26.628553 1472
